,loss
0,1.1473958492279053
1,1.3344089984893799
2,1.7421238422393799
3,2.3472228050231934
4,3.822537422180176
5,6.284565448760986
6,9.40352725982666
7,9.067310333251953
8,7.637583255767822
9,9.990699768066406
10,9.203680992126465
11,11.52871036529541
12,14.020997047424316
13,9.73457145690918
14,9.025272369384766
15,12.701780319213867
16,12.526082992553711
17,10.617799758911133
18,10.784248352050781
19,8.419320106506348
20,8.888110160827637
21,7.61850118637085
22,10.851712226867676
23,9.077710151672363
24,9.43685245513916
25,8.960079193115234
26,8.317075729370117
27,7.2321977615356445
28,7.059711933135986
29,9.962246894836426
30,10.340004920959473
31,5.8204874992370605
32,6.935090065002441
33,6.1248626708984375
34,5.8558549880981445
35,11.480859756469727
36,8.648261070251465
37,10.869596481323242
38,11.348962783813477
39,6.648215293884277
40,6.984623908996582
41,7.0407562255859375
42,6.331942081451416
43,7.967947483062744
44,9.039901733398438
45,6.50969934463501
46,9.875947952270508
47,13.048251152038574
48,7.458504676818848
49,8.364411354064941
50,5.361563205718994
51,7.114280700683594
52,9.104360580444336
53,5.402621746063232
54,13.037422180175781
55,12.879720687866211
56,17.963924407958984
57,15.408822059631348
58,17.213855743408203
59,15.31999683380127
60,20.49726676940918
61,19.651033401489258
62,19.428720474243164
63,17.2844295501709
64,35.77042770385742
65,25.355165481567383
66,27.954456329345703
67,52.553916931152344
68,23.15658187866211
69,41.04008483886719
70,45.59883117675781
71,74.04458618164062
72,33.32569122314453
73,43.367881774902344
74,54.62519073486328
75,46.974300384521484
76,38.65636444091797
77,50.79338455200195
78,71.96366882324219
79,58.2108154296875
80,98.2583999633789
81,54.68696975708008
82,52.02669906616211
83,48.218406677246094
84,52.9908561706543
85,46.40887451171875
86,42.25556564331055
87,33.37818908691406
88,21.220083236694336
89,27.766845703125
90,24.870357513427734
91,24.263669967651367
92,32.50746536254883
93,20.59168243408203
94,18.14772605895996
95,34.71751403808594
96,32.565467834472656
97,27.64154052734375
98,13.995190620422363
99,19.07356834411621
100,15.326780319213867
101,14.429783821105957
102,13.068918228149414
103,14.150482177734375
104,12.56428337097168
105,11.10819149017334
106,11.652746200561523
107,6.984132289886475
108,11.7503662109375
109,13.685522079467773
110,11.046483993530273
111,11.876569747924805
112,12.423577308654785
113,16.258750915527344
114,8.739846229553223
115,13.37615966796875
116,18.1520938873291
117,14.33613109588623
118,11.12972354888916
119,8.624933242797852
120,8.24483871459961
121,10.37286376953125
122,12.205076217651367
123,10.582796096801758
124,11.116291999816895
125,8.78468132019043
126,7.341795921325684
127,7.2373175621032715
128,11.97054672241211
129,10.8427734375
130,11.564676284790039
131,8.078597068786621
132,10.815811157226562
133,9.34715461730957
134,10.059441566467285
135,7.340273380279541
136,13.967124938964844
137,11.925559043884277
138,7.8441338539123535
139,10.323244094848633
140,7.813983917236328
141,11.95521354675293
142,9.824763298034668
143,8.739831924438477
144,10.170512199401855
145,10.510658264160156
146,7.566194534301758
147,12.034472465515137
148,11.695650100708008
149,8.425085067749023
150,9.051371574401855
151,7.519373893737793
152,9.96218490600586
153,7.908517837524414
154,6.744998455047607
155,10.858077049255371
156,10.533740043640137
157,10.999065399169922
158,12.452776908874512
159,6.765881538391113
160,7.340911865234375
161,9.33165454864502
162,7.842247009277344
163,8.13266658782959
164,12.148289680480957
165,9.121009826660156
166,11.374383926391602
167,9.796120643615723
168,10.09374713897705
169,8.229901313781738
170,10.420991897583008
171,7.726778507232666
172,6.7924909591674805
173,7.111513614654541
174,9.224356651306152
175,9.350712776184082
176,7.9806365966796875
177,11.260292053222656
178,7.066304683685303
179,7.183241367340088
180,11.981843948364258
181,6.205422401428223
182,9.230140686035156
183,9.341044425964355
184,8.196985244750977
185,10.743817329406738
186,7.582127571105957
187,9.003893852233887
188,9.55754280090332
189,7.658112525939941
190,13.591145515441895
191,9.284600257873535
192,8.245107650756836
193,11.36650562286377
194,10.626535415649414
195,11.728998184204102
196,11.318982124328613
197,8.6892671585083
198,10.37755012512207
199,12.943710327148438
200,7.4397406578063965
201,14.171003341674805
202,8.389852523803711
203,6.883648872375488
204,7.897161960601807
205,11.537787437438965
206,11.651079177856445
207,8.203930854797363
208,8.850228309631348
209,9.632552146911621
210,9.698315620422363
211,9.976020812988281
212,7.794332981109619
213,9.623860359191895
214,7.204521179199219
215,7.153353691101074
216,6.001708507537842
217,7.9797186851501465
218,7.179355621337891
219,8.868453979492188
220,8.077778816223145
221,7.481626987457275
222,9.34074592590332
223,8.613008499145508
224,9.04112434387207
225,9.162732124328613
226,10.224897384643555
227,13.458240509033203
228,7.897538185119629
229,8.081005096435547
230,12.71449089050293
231,9.203828811645508
232,10.394906044006348
233,11.501361846923828
234,5.2050323486328125
235,7.48590087890625
236,6.725876808166504
237,10.146733283996582
238,9.423645973205566
239,7.117318630218506
240,10.118630409240723
241,10.189002990722656
242,8.596258163452148
243,8.349773406982422
244,6.569281101226807
245,7.403183937072754
246,8.824868202209473
247,8.250360488891602
248,6.289393901824951
249,10.859259605407715
250,8.641107559204102
251,8.654946327209473
252,9.168115615844727
253,9.339739799499512
254,15.178544998168945
255,10.009344100952148
256,9.332174301147461
257,8.270608901977539
258,8.17128849029541
259,10.469632148742676
260,5.819619655609131
261,10.575632095336914
262,8.063942909240723
263,10.296374320983887
264,9.784968376159668
265,6.89404296875
266,14.571589469909668
267,9.180093765258789
268,10.315603256225586
269,11.365511894226074
270,12.968932151794434
271,7.915487766265869
272,12.229490280151367
273,15.380636215209961
274,16.441207885742188
275,15.227404594421387
276,10.920586585998535
277,12.267391204833984
278,14.375009536743164
279,9.501897811889648
280,11.754303932189941
281,10.485737800598145
282,8.426554679870605
283,9.542770385742188
284,10.23812484741211
285,10.072187423706055
286,8.70373249053955
287,9.159307479858398
288,9.485957145690918
289,7.363488674163818
290,9.728761672973633
291,8.463947296142578
292,11.620166778564453
293,8.366376876831055
294,8.058210372924805
295,10.834541320800781
296,12.515390396118164
297,11.280550003051758
298,10.36449146270752
299,10.63857650756836
300,7.146435737609863
301,9.209211349487305
302,10.35602855682373
303,8.000080108642578
304,7.285330295562744
305,7.887564182281494
306,7.974907875061035
307,11.247993469238281
308,11.695627212524414
309,13.545390129089355
310,13.610143661499023
311,10.014982223510742
312,10.12495231628418
313,9.766182899475098
314,8.508699417114258
315,8.826971054077148
316,11.152410507202148
317,8.403064727783203
318,8.779128074645996
319,10.490935325622559
320,9.9514741897583
321,15.5672607421875
322,7.789699077606201
323,7.727713584899902
324,9.760968208312988
325,9.163277626037598
326,10.850790977478027
327,7.221463680267334
328,12.391098976135254
329,11.65467643737793
330,8.038336753845215
331,9.918997764587402
332,11.310552597045898
333,6.159496784210205
334,7.159594535827637
335,10.874685287475586
336,9.826919555664062
337,6.2895917892456055
338,6.309627532958984
339,9.94624137878418
340,10.982638359069824
341,8.043039321899414
342,14.043854713439941
343,9.639322280883789
344,11.573978424072266
345,7.873891353607178
346,7.212900638580322
347,9.22459602355957
348,8.77275276184082
349,5.283207893371582
350,9.201286315917969
351,7.737728118896484
352,9.819782257080078
353,6.406729221343994
354,8.490999221801758
355,10.820213317871094
356,7.395648002624512
357,8.094352722167969
358,9.674712181091309
359,9.881053924560547
360,6.155428409576416
361,5.944009304046631
362,6.130448818206787
363,6.882037162780762
364,6.052847385406494
365,6.37071418762207
366,6.83256196975708
367,7.03073263168335
368,7.729734897613525
369,7.652310848236084
370,6.836485385894775
371,9.656548500061035
372,6.770403861999512
373,8.344314575195312
374,7.210148811340332
375,9.753782272338867
376,7.247534275054932
377,9.323368072509766
378,10.433053016662598
379,10.891993522644043
380,8.134037017822266
381,11.329111099243164
382,7.796025276184082
383,6.9681549072265625
384,8.421566009521484
385,8.895927429199219
386,8.49758529663086
387,6.168400764465332
388,11.821359634399414
389,6.348941326141357
390,5.374061107635498
391,7.371926307678223
392,5.141951560974121
393,8.25084114074707
394,5.832056999206543
395,6.2966203689575195
396,8.517595291137695
397,6.15786600112915
398,8.004668235778809
399,9.610570907592773
400,8.076350212097168
401,7.964270114898682
402,6.628979682922363
403,6.902735233306885
404,8.00096607208252
405,8.768013954162598
406,6.034505844116211
407,8.290335655212402
408,6.682409286499023
409,10.487872123718262
410,8.896607398986816
411,12.145727157592773
412,8.27262020111084
413,7.294554233551025
414,12.511031150817871
415,6.800566673278809
416,11.8071870803833
417,7.922612190246582
418,7.999526023864746
419,7.635387420654297
420,8.834693908691406
421,9.86624813079834
422,8.879693984985352
423,9.781673431396484
424,6.848533630371094
425,8.357135772705078
426,5.328213691711426
427,5.057164192199707
428,7.123683452606201
429,6.76188850402832
430,6.009827613830566
431,7.174238681793213
432,5.4629974365234375
433,5.761889457702637
434,6.983244895935059
435,8.268492698669434
436,14.176379203796387
437,7.352446556091309
438,7.30868673324585
439,8.61052131652832
440,7.712523460388184
441,8.56473159790039
442,9.441766738891602
443,8.850042343139648
444,8.657878875732422
445,7.421263694763184
446,8.636163711547852
447,9.339418411254883
448,7.737329006195068
449,8.761938095092773
450,8.977986335754395
451,7.017498016357422
452,6.888526916503906
453,10.22410774230957
454,11.789372444152832
455,9.80748462677002
456,8.796521186828613
457,7.839929580688477
458,6.642177581787109
459,6.657592296600342
460,7.819672584533691
461,6.346243381500244
462,6.298672676086426
463,7.9931440353393555
464,9.356945991516113
465,8.4411039352417
466,6.49770975112915
467,5.661107063293457
468,6.918905258178711
469,7.355039119720459
470,8.499749183654785
471,5.667025089263916
472,8.525772094726562
473,5.519887447357178
474,10.287680625915527
475,6.099572658538818
476,5.456410884857178
477,8.51058292388916
478,5.929070472717285
479,8.5095853805542
480,8.763104438781738
481,7.078469276428223
482,6.052539348602295
483,5.032486915588379
484,5.995328903198242
485,5.842844009399414
486,6.6254682540893555
487,6.055298805236816
488,7.866068363189697
489,5.514639377593994
490,7.071303844451904
491,5.909064292907715
492,5.220856666564941
493,9.03184700012207
494,6.184538841247559
495,4.749997615814209
496,6.177391052246094
497,7.941528797149658
498,6.899223327636719
499,7.032240390777588
500,8.230971336364746
501,5.877472877502441
502,8.280648231506348
503,5.425604820251465
504,7.860528469085693
505,7.946004390716553
506,7.356932163238525
507,6.188478469848633
508,6.425717830657959
509,9.45245361328125
510,7.5997314453125
511,6.7981133460998535
512,4.606296539306641
513,6.018160820007324
514,8.003527641296387
515,7.367856025695801
516,8.210433006286621
517,6.054274082183838
518,5.584236145019531
519,5.668929576873779
520,6.283635139465332
521,4.335156440734863
522,8.468978881835938
523,5.52188777923584
524,7.310280799865723
525,6.1653971672058105
526,4.890047073364258
527,5.299566268920898
528,6.350038528442383
529,5.331019401550293
530,5.358181953430176
531,10.118810653686523
532,5.65336799621582
533,5.915156364440918
534,5.52553129196167
535,5.6039605140686035
536,5.59020471572876
537,8.392690658569336
538,5.06301212310791
539,7.650684356689453
540,5.773605823516846
541,6.239373207092285
542,7.4599103927612305
543,7.8416571617126465
544,5.146130561828613
545,6.671969413757324
546,7.06250524520874
547,7.383829593658447
548,6.189501762390137
549,7.338814735412598
550,7.068487644195557
551,7.45568323135376
552,4.685367107391357
553,8.981451034545898
554,8.013513565063477
555,7.517904758453369
556,6.324094772338867
557,6.860419273376465
558,6.419597625732422
559,12.03965950012207
560,6.726800441741943
561,6.688217639923096
562,5.481331825256348
563,5.643215179443359
564,5.849998474121094
565,10.5413236618042
566,9.328634262084961
567,5.87269401550293
568,13.660888671875
569,11.53237247467041
570,15.470993041992188
571,28.187376022338867
572,11.927541732788086
573,7.399772644042969
574,8.221915245056152
575,7.285367012023926
576,6.635906219482422
577,7.093314170837402
578,9.84671688079834
579,7.431685447692871
580,8.73943042755127
581,6.652855396270752
582,8.75670051574707
583,7.150834083557129
584,5.078039646148682
585,8.418656349182129
586,10.741644859313965
587,9.542022705078125
588,8.571695327758789
589,10.4332914352417
590,10.432668685913086
591,8.488147735595703
592,8.019086837768555
593,12.677840232849121
594,11.235573768615723
595,8.866862297058105
596,6.954461574554443
597,5.714114665985107
598,5.152553081512451
599,9.594511985778809
600,7.72449254989624
601,7.423483371734619
602,8.093496322631836
603,11.795202255249023
604,6.668854236602783
605,8.966766357421875
606,11.260080337524414
607,9.773588180541992
608,6.718900203704834
609,8.469396591186523
610,7.302178382873535
611,7.899202823638916
612,8.19498348236084
613,6.867483615875244
614,9.908740997314453
615,8.652434349060059
616,6.958664894104004
617,10.397462844848633
618,10.445632934570312
619,8.159646034240723
620,7.419631004333496
621,8.291483879089355
622,11.654402732849121
623,8.63148021697998
624,7.285076141357422
625,6.165835380554199
626,8.983388900756836
627,9.473370552062988
628,6.926889896392822
629,6.091862201690674
630,12.966690063476562
631,4.894608497619629
632,6.811288356781006
633,9.674174308776855
634,6.26328182220459
635,7.92300271987915
636,13.520360946655273
637,12.442212104797363
638,7.898107528686523
639,7.295986175537109
640,6.708601951599121
641,6.579225063323975
642,7.80477237701416
643,10.779163360595703
644,14.230889320373535
645,17.787172317504883
646,29.147680282592773
647,55.40787124633789
648,85.57981872558594
649,113.24951171875
650,80.86116027832031
651,94.80250549316406
652,73.406494140625
653,96.76625061035156
654,78.50399780273438
655,73.26349639892578
656,103.361328125
657,221.0692901611328
658,347.0533447265625
659,251.96963500976562
660,444.2645263671875
661,471.24176025390625
662,716.1488037109375
663,3844.317138671875
664,2637.697998046875
665,10285.7041015625
666,10092.12890625
667,10086.333984375
668,7559.64599609375
669,10328.494140625
670,12654.48828125
671,30115.580078125
672,28224.396484375
673,21768.447265625
674,21615.46875
675,16411.380859375
676,18948.67578125
677,15288.6376953125
678,22833.95703125
679,30806.568359375
680,17019.939453125
681,41814.23828125
682,31116.2734375
683,58659.7421875
684,36769.7890625
685,41907.4375
686,48039.4921875
687,31512.88671875
688,52731.9296875
689,63157.3125
690,74902.5703125
691,35651.9453125
692,52273.79296875
693,84194.3125
694,64672.875
695,100974.15625
696,114302.2578125
697,85538.75
698,76451.8515625
699,167057.078125
700,115488.671875
701,74943.9296875
702,70459.84375
703,96650.7421875
704,72769.15625
705,104405.921875
706,147313.78125
707,79487.015625
708,114915.6484375
709,91932.765625
710,179221.859375
711,132678.140625
712,85393.84375
713,80849.7265625
714,124846.3515625
715,115843.515625
716,143724.359375
717,174748.75
718,154809.375
719,188765.703125
720,96930.6953125
721,141366.78125
722,122086.3046875
723,208043.34375
724,274946.5
725,244512.5
726,147722.90625
727,184941.96875
728,219562.53125
729,155691.015625
730,207964.0625
731,312336.0
732,171472.875
733,199991.8125
734,172428.21875
735,250998.0625
736,158122.234375
737,180496.4375
738,206135.15625
739,227526.046875
740,207729.171875
741,291147.84375
742,174839.46875
743,230942.875
744,204125.921875
745,227025.046875
746,245043.15625
747,349098.59375
748,314981.15625
749,230374.609375
750,268351.8125
751,128659.1171875
752,251750.609375
753,178866.46875
754,171743.296875
755,189593.375
756,128620.96875
757,331931.9375
758,154555.21875
759,299392.71875
760,206364.09375
761,163076.65625
762,232629.5
763,131190.09375
764,166748.421875
765,243156.84375
766,154523.4375
767,189783.921875
768,165122.90625
769,321914.1875
770,154578.796875
771,167953.875
772,253282.359375
773,227455.78125
774,252550.4375
775,249498.421875
776,243263.34375
777,221650.203125
778,229226.640625
779,254643.25
780,255534.984375
781,225937.265625
782,226391.15625
783,202976.375
784,139795.46875
785,222744.796875
786,168924.796875
787,242249.90625
788,239915.484375
789,191140.0625
790,252301.5
791,134445.859375
792,136476.0
793,186634.921875
794,180256.0
795,216160.34375
796,100510.21875
797,146733.796875
798,238282.6875
799,251116.609375
800,137063.734375
801,190601.03125
802,181527.03125
803,200679.28125
804,98486.8046875
805,169389.734375
806,202868.921875
807,153282.328125
808,138580.5625
809,192192.671875
810,186981.890625
811,129185.6640625
812,220489.71875
813,81045.3359375
814,179577.96875
815,98698.8828125
816,151843.140625
817,186918.515625
818,157240.640625
819,103894.0546875
820,221832.6875
821,186406.96875
822,88171.859375
823,127452.6484375
824,118028.9375
825,124337.75
826,186517.171875
827,174092.609375
828,180029.421875
829,119466.9375
830,48716.515625
831,142135.828125
832,238596.5
833,144153.921875
834,149027.71875
835,202830.859375
836,107649.9609375
837,157854.015625
838,113617.5078125
839,97428.3515625
840,100303.7421875
841,130126.1328125
842,91304.9453125
843,133128.03125
844,122131.6015625
845,125734.2578125
846,88116.703125
847,99597.6015625
848,176148.109375
849,124890.453125
850,92784.9296875
851,65582.390625
852,78956.140625
853,101150.3828125
854,77809.453125
855,71599.171875
856,48933.5
857,86418.2890625
858,68981.5078125
859,58188.17578125
860,42778.1171875
861,62518.83984375
862,52383.0859375
863,45244.7734375
864,42325.42578125
865,60429.15625
866,40132.890625
867,52651.625
868,38115.6484375
869,40513.3984375
870,42933.19921875
871,59959.5
872,58654.20703125
873,43424.24609375
874,36868.05078125
875,38830.7421875
876,42531.64453125
877,28889.826171875
878,34625.58203125
879,28314.65234375
880,26101.640625
881,17233.478515625
882,25712.15625
883,22684.30078125
884,29267.32421875
885,30308.8828125
886,28789.76953125
887,26371.298828125
888,28932.06640625
889,20547.23046875
890,32635.34375
891,31555.26953125
892,19683.974609375
893,23880.22265625
894,21032.302734375
895,18441.8515625
896,17171.171875
897,22143.064453125
898,18340.630859375
899,21517.94921875
900,10789.2724609375
901,14331.9345703125
902,16507.119140625
903,18432.76171875
904,9753.326171875
905,15574.052734375
906,9874.9228515625
907,8156.48291015625
908,9160.94140625
909,8075.9306640625
910,6999.82080078125
911,6806.517578125
912,4025.95166015625
913,4223.13916015625
914,3698.77685546875
915,3236.1669921875
916,3431.3515625
917,1998.2449951171875
918,1683.178955078125
919,1567.090087890625
920,1521.6553955078125
921,1378.5484619140625
922,1978.0931396484375
923,1189.4244384765625
924,1570.5589599609375
925,1404.2816162109375
926,1349.1231689453125
927,1715.8231201171875
928,1383.4527587890625
929,1497.67919921875
930,1624.825439453125
931,1709.4515380859375
932,1319.97412109375
933,1599.686767578125
934,1829.67333984375
935,1603.322998046875
936,1712.271240234375
937,1605.6317138671875
938,1668.1619873046875
939,1678.1298828125
940,1751.1092529296875
941,1524.139892578125
942,1592.1943359375
943,1416.6824951171875
944,1442.7293701171875
945,2214.492431640625
946,1437.16015625
947,1225.7421875
948,1544.66796875
949,1179.5626220703125
950,1993.4613037109375
951,1377.07373046875
952,1255.9422607421875
953,1590.5166015625
954,1518.78369140625
955,1237.967529296875
956,1118.350830078125
957,1517.6485595703125
958,1338.9229736328125
959,1115.689697265625
960,1302.78955078125
961,1397.0040283203125
962,1306.0968017578125
963,1732.44921875
964,1220.0672607421875
965,1286.54345703125
966,1157.6552734375
967,1329.750732421875
968,1202.6087646484375
969,1426.8209228515625
970,941.8338012695312
971,1369.632568359375
972,1342.2056884765625
973,1168.5830078125
974,1176.6500244140625
975,1595.5899658203125
976,1233.1513671875
977,1179.790283203125
978,1315.8489990234375
979,1239.6270751953125
980,1188.4320068359375
981,1407.2154541015625
982,1172.7967529296875
983,926.146484375
984,1174.1939697265625
985,961.1755981445312
986,950.5559692382812
987,1269.075927734375
988,1051.2581787109375
989,965.6183471679688
990,1295.9222412109375
991,1190.2120361328125
992,1546.77392578125
993,1113.54638671875
994,1234.6737060546875
995,1174.8131103515625
996,1018.0449829101562
997,1222.732666015625
998,1098.5240478515625
999,1282.1270751953125
1000,1286.675537109375
1001,1110.4632568359375
1002,948.6118774414062
1003,1026.4361572265625
1004,921.9776611328125
1005,893.2605590820312
1006,810.9757080078125
1007,983.1600341796875
1008,1074.114013671875
1009,975.9093017578125
1010,795.9813842773438
1011,1184.3775634765625
1012,856.2716064453125
1013,991.3406982421875
1014,963.0545043945312
1015,760.8026123046875
1016,911.3560791015625
1017,835.185546875
1018,868.2808227539062
1019,986.1639404296875
1020,887.3238525390625
1021,933.9759521484375
1022,1005.6656494140625
1023,857.4395751953125
1024,753.83349609375
1025,923.935302734375
1026,956.1491088867188
1027,947.5185546875
1028,933.0172729492188
1029,640.1148681640625
1030,870.8722534179688
1031,936.7972412109375
1032,764.8963623046875
1033,864.8917236328125
1034,670.494873046875
1035,904.8160400390625
1036,783.4203491210938
1037,706.0663452148438
1038,1007.5718994140625
1039,618.419921875
1040,723.331787109375
1041,620.0040283203125
1042,832.3682861328125
1043,867.4873046875
1044,784.4400634765625
1045,633.4183349609375
1046,717.8237915039062
1047,643.4895629882812
1048,837.1491088867188
1049,706.8875122070312
1050,713.260009765625
1051,649.5108032226562
1052,817.6083984375
1053,791.6729736328125
1054,865.1008911132812
1055,581.4287109375
1056,683.73779296875
1057,795.7393798828125
1058,686.3746948242188
1059,685.6326904296875
1060,619.79052734375
1061,765.0580444335938
1062,737.476318359375
1063,673.1350708007812
1064,648.53857421875
1065,844.1728515625
1066,657.1069946289062
1067,530.4564208984375
1068,710.5335083007812
1069,534.0440673828125
1070,554.5634155273438
1071,614.799072265625
1072,558.9153442382812
1073,628.4371337890625
1074,616.8143920898438
1075,565.3275146484375
1076,617.6096801757812
1077,557.1362915039062
1078,582.2230834960938
1079,674.33056640625
1080,745.8969116210938
1081,514.3250732421875
1082,553.6432495117188
1083,580.33544921875
1084,523.9365234375
1085,505.1133728027344
1086,533.0902709960938
1087,533.5414428710938
1088,644.9284057617188
1089,607.4375610351562
1090,619.15673828125
1091,494.27374267578125
1092,526.3279418945312
1093,538.20068359375
1094,501.12255859375
1095,506.0411682128906
1096,595.0437622070312
1097,461.27398681640625
1098,520.913330078125
1099,563.4330444335938
1100,548.7615966796875
1101,425.2308654785156
1102,387.56549072265625
1103,452.7798156738281
1104,473.2422790527344
1105,429.84356689453125
1106,449.72930908203125
1107,496.4983825683594
1108,519.9214477539062
1109,455.58062744140625
1110,466.2491149902344
1111,432.2088623046875
1112,458.77581787109375
1113,397.3867492675781
1114,547.4996337890625
1115,557.1956176757812
1116,552.6270751953125
1117,437.65234375
1118,369.71527099609375
1119,387.8555908203125
1120,430.68670654296875
1121,400.1697998046875
1122,474.95068359375
1123,405.44305419921875
1124,421.25775146484375
1125,436.875732421875
1126,451.9119567871094
1127,425.0633850097656
1128,460.45050048828125
1129,376.8882141113281
1130,365.27447509765625
1131,387.6441650390625
1132,380.49835205078125
1133,328.8211975097656
1134,412.3196716308594
1135,413.39508056640625
1136,488.75537109375
1137,540.5107421875
1138,416.1705627441406
1139,423.98260498046875
1140,410.64227294921875
1141,389.4477844238281
1142,308.36376953125
1143,447.1015319824219
1144,388.3199157714844
1145,355.46917724609375
1146,389.334716796875
1147,415.7809143066406
1148,447.2584228515625
1149,483.36358642578125
1150,389.6065673828125
1151,373.7986145019531
1152,410.73931884765625
1153,421.23486328125
1154,409.3258361816406
1155,475.536376953125
1156,489.30816650390625
1157,409.5782165527344
1158,585.2523193359375
1159,391.074951171875
1160,531.6971435546875
1161,489.3988342285156
1162,502.1833190917969
1163,501.1764221191406
1164,466.6899108886719
1165,437.5209655761719
1166,334.44500732421875
1167,460.11566162109375
1168,467.9909973144531
1169,524.0778198242188
1170,504.7710876464844
1171,620.5762939453125
1172,597.8968505859375
1173,498.71630859375
1174,483.6341247558594
1175,567.0927734375
1176,745.8521118164062
1177,547.2252807617188
1178,645.2418823242188
1179,613.3497314453125
1180,665.30859375
1181,613.8524169921875
1182,843.6405029296875
1183,797.0460205078125
1184,609.9283447265625
1185,659.3084106445312
1186,731.630615234375
1187,666.47998046875
1188,663.7039184570312
1189,625.0968017578125
1190,617.3436889648438
1191,626.5443725585938
1192,926.8875122070312
1193,805.9059448242188
1194,782.4642944335938
1195,741.1265869140625
1196,899.6325073242188
1197,795.7698364257812
1198,744.5171508789062
1199,576.8433837890625
1200,953.3536376953125
1201,755.4613647460938
1202,602.7352294921875
1203,754.2905883789062
1204,942.6340942382812
1205,1146.6600341796875
1206,761.6203002929688
1207,695.908203125
1208,1071.7647705078125
1209,1058.1842041015625
1210,664.6253662109375
1211,793.4117431640625
1212,870.5752563476562
1213,1002.6121826171875
1214,837.42041015625
1215,552.3338623046875
1216,1035.14990234375
1217,1046.1385498046875
1218,696.3224487304688
1219,1209.31591796875
1220,1147.3468017578125
1221,994.3104248046875
1222,826.3204956054688
1223,680.294677734375
1224,903.4400634765625
1225,1132.0645751953125
1226,874.883056640625
1227,1117.3912353515625
1228,1151.426025390625
1229,822.5906372070312
1230,568.609375
1231,600.4984741210938
1232,1073.0433349609375
1233,730.2531127929688
1234,565.7120361328125
1235,834.5577392578125
1236,986.8992309570312
1237,716.1419067382812
1238,614.5178833007812
1239,869.8562622070312
1240,781.3292846679688
1241,733.8453369140625
1242,723.6547241210938
1243,973.6183471679688
1244,874.24609375
1245,1042.62060546875
1246,916.0184326171875
1247,905.5674438476562
1248,404.78973388671875
1249,758.5171508789062
1250,764.3380737304688
1251,434.5826110839844
1252,1074.8868408203125
1253,943.29833984375
1254,268.309814453125
1255,655.518798828125
1256,857.1189575195312
1257,312.0113220214844
1258,814.1240844726562
1259,844.86767578125
1260,573.4393920898438
1261,517.9911499023438
1262,582.8355712890625
1263,1017.7689819335938
1264,273.64306640625
1265,636.0509643554688
1266,212.18055725097656
1267,348.45050048828125
1268,274.081298828125
1269,661.5789794921875
1270,703.2152099609375
1271,399.98828125
1272,365.9210510253906
1273,537.9393310546875
1274,661.2291259765625
1275,358.2986755371094
1276,487.6308898925781
1277,610.56396484375
1278,166.6055908203125
1279,956.2801513671875
1280,169.27044677734375
1281,290.6997375488281
1282,477.9714050292969
1283,635.6460571289062
1284,296.46234130859375
1285,330.3883972167969
1286,640.4361572265625
1287,597.1495971679688
1288,294.75103759765625
1289,471.38592529296875
1290,556.7246704101562
1291,292.37249755859375
1292,323.751708984375
1293,255.798583984375
1294,324.4294128417969
1295,571.798583984375
1296,462.27667236328125
1297,611.96044921875
1298,402.6922302246094
1299,344.52423095703125
1300,416.115234375
1301,541.0279541015625
1302,273.37603759765625
1303,363.0802001953125
1304,322.6869812011719
1305,365.78863525390625
1306,258.8162536621094
1307,229.3977813720703
1308,728.4368286132812
1309,220.9002227783203
1310,436.8151550292969
1311,141.19358825683594
1312,559.4609985351562
1313,246.4009552001953
1314,240.64573669433594
1315,252.78070068359375
1316,206.10232543945312
1317,435.77056884765625
1318,134.38442993164062
1319,114.12386322021484
1320,468.2288818359375
1321,338.52142333984375
1322,249.7549285888672
1323,100.01191711425781
1324,111.75025939941406
1325,447.04095458984375
1326,295.252197265625
1327,393.2127685546875
1328,142.34326171875
1329,282.7591857910156
1330,362.56805419921875
1331,287.7632141113281
1332,364.17376708984375
1333,133.60447692871094
1334,235.3935089111328
1335,164.80030822753906
1336,213.64987182617188
1337,357.88348388671875
1338,137.09622192382812
1339,302.26739501953125
1340,293.34490966796875
1341,222.12069702148438
1342,229.1486358642578
1343,236.93331909179688
1344,123.9170150756836
1345,225.1764678955078
1346,246.6947479248047
1347,119.0547866821289
1348,97.9521484375
1349,477.54144287109375
1350,195.02737426757812
1351,234.5883026123047
1352,209.66796875
1353,238.99375915527344
1354,258.0489807128906
1355,557.0057983398438
1356,168.30770874023438
1357,94.32137298583984
1358,114.27540588378906
1359,85.58506774902344
1360,100.18341064453125
1361,91.83039855957031
1362,160.48658752441406
1363,99.34542846679688
1364,244.8127899169922
1365,337.0072021484375
1366,199.7787322998047
1367,157.73123168945312
1368,273.63800048828125
1369,149.72683715820312
1370,162.00558471679688
1371,222.00973510742188
1372,160.47946166992188
1373,148.88015747070312
1374,98.47637176513672
1375,181.42835998535156
1376,79.18714904785156
1377,116.6719741821289
1378,138.78050231933594
1379,205.20779418945312
1380,66.4527587890625
1381,88.29872131347656
1382,198.2078857421875
1383,62.602561950683594
1384,117.48231506347656
1385,79.40290069580078
1386,144.4210662841797
1387,169.1437530517578
1388,105.2750244140625
1389,372.5411376953125
1390,300.1275939941406
1391,71.4849624633789
1392,143.72415161132812
1393,81.46565246582031
1394,99.73289489746094
1395,86.27479553222656
1396,139.32345581054688
1397,206.7876739501953
1398,75.776611328125
1399,161.47349548339844
1400,69.25559997558594
1401,70.52496337890625
1402,76.07691955566406
1403,117.42122650146484
1404,95.93431091308594
1405,181.703125
1406,84.3841781616211
1407,68.11973571777344
1408,110.52783203125
1409,127.400634765625
1410,66.80097961425781
1411,84.07653045654297
1412,81.78895568847656
1413,71.76579284667969
1414,215.2226104736328
1415,134.4794921875
1416,209.6761932373047
1417,174.53875732421875
1418,76.5792465209961
1419,67.92569732666016
1420,78.44612121582031
1421,209.77593994140625
1422,183.37899780273438
1423,134.80209350585938
1424,71.14228820800781
1425,162.83387756347656
1426,289.62030029296875
1427,88.1499252319336
1428,60.80364990234375
1429,113.83204650878906
1430,133.3714599609375
1431,65.82672119140625
1432,48.52939987182617
1433,237.2641143798828
1434,287.7704162597656
1435,57.72068786621094
1436,58.88792037963867
1437,188.75906372070312
1438,160.39410400390625
1439,67.79678344726562
1440,100.95466613769531
1441,120.75154876708984
1442,57.49715042114258
1443,55.85804748535156
1444,88.03648376464844
1445,54.0118522644043
1446,167.8778076171875
1447,160.57369995117188
1448,54.272247314453125
1449,91.44269561767578
1450,243.63934326171875
1451,132.595947265625
1452,51.52391815185547
1453,51.67067337036133
1454,186.00135803222656
1455,101.35316467285156
1456,128.7537384033203
1457,117.92851257324219
1458,137.67088317871094
1459,194.61212158203125
1460,120.85375213623047
1461,147.26565551757812
1462,58.42234420776367
1463,238.06845092773438
1464,49.257293701171875
1465,139.08433532714844
1466,59.4833869934082
1467,42.49649429321289
1468,252.55006408691406
1469,90.06925964355469
1470,87.92939758300781
1471,107.7198715209961
1472,164.62887573242188
1473,185.52638244628906
1474,57.197120666503906
1475,102.2132568359375
1476,196.47584533691406
1477,149.1790313720703
1478,104.73350524902344
1479,90.75531768798828
1480,51.890254974365234
1481,183.70664978027344
1482,79.40895080566406
1483,93.52340698242188
1484,138.745361328125
1485,145.12232971191406
1486,82.27946472167969
1487,107.79094696044922
1488,56.5670166015625
1489,113.46025085449219
1490,70.54647064208984
1491,177.6124725341797
1492,194.68380737304688
1493,1289.334228515625
1494,5537.958984375
1495,11313.236328125
1496,28191.19140625
1497,32908.671875
1498,40937.8046875
1499,102206.390625
1500,153084.671875
1501,200309.875
1502,139188.78125
1503,212504.21875
1504,234099.78125
1505,251189.15625
1506,460893.34375
1507,454146.75
1508,670991.0
1509,600490.625
1510,626413.375
1511,779091.625
1512,783633.0625
1513,995466.4375
1514,821968.9375
1515,1306114.75
1516,1030428.6875
1517,1087458.5
1518,1931926.875
1519,1515194.25
1520,1315060.5
1521,1280790.125
1522,1748521.75
1523,1146205.0
1524,1493354.75
1525,2263183.0
1526,2437186.0
1527,2016705.5
1528,2777666.5
1529,2268230.75
1530,2981990.5
1531,3241071.0
1532,3348085.75
1533,3125718.25
1534,3296191.75
1535,3762261.0
1536,3263121.0
1537,4101009.75
1538,5082397.0
1539,2437697.0
1540,3324355.5
1541,3620851.5
1542,3830549.0
1543,4363241.0
1544,5142995.0
1545,5894740.5
1546,4344429.5
1547,5077474.0
1548,4550359.0
1549,7782105.5
1550,5722797.5
1551,4461240.5
1552,4969563.5
1553,6226682.5
1554,8577049.0
1555,6188084.0
1556,6523363.5
1557,14460039.0
1558,6028531.0
1559,7503010.0
1560,8286221.0
1561,7978173.5
1562,7223838.5
1563,7999783.0
1564,6345333.5
1565,9416690.0
1566,9521291.0
1567,8563861.0
1568,13727988.0
1569,7703518.5
1570,8953419.0
1571,10448988.0
1572,8785981.0
1573,11264058.0
1574,15473285.0
1575,8163919.0
1576,9841841.0
1577,14710507.0
1578,13491479.0
1579,12984824.0
1580,14116160.0
1581,11358288.0
1582,14811168.0
1583,11802822.0
1584,20171364.0
1585,13960022.0
1586,22105196.0
1587,13777515.0
1588,9966389.0
1589,13763788.0
1590,13314404.0
1591,20964088.0
1592,14048770.0
1593,21749716.0
1594,20849880.0
1595,16889106.0
1596,16597600.0
1597,15371883.0
1598,24366822.0
1599,28682446.0
1600,13005173.0
1601,13218226.0
1602,13980691.0
1603,15326139.0
1604,14578429.0
1605,20352638.0
1606,24955812.0
1607,18240740.0
1608,21961276.0
1609,27551866.0
1610,18056892.0
1611,20229188.0
1612,27031510.0
1613,28839266.0
1614,25732200.0
1615,18483148.0
1616,32625530.0
1617,29295984.0
1618,24691484.0
1619,21191412.0
1620,18008154.0
1621,19773286.0
1622,34917000.0
1623,29311482.0
1624,34528008.0
1625,28521180.0
1626,29301542.0
1627,27730140.0
1628,32651594.0
1629,21280996.0
1630,18970860.0
1631,24651152.0
1632,18465454.0
1633,18925598.0
1634,22700822.0
1635,33959452.0
1636,30354604.0
1637,25482052.0
1638,20946126.0
1639,33158542.0
1640,30203018.0
1641,35153732.0
1642,29833028.0
1643,32498468.0
1644,32566948.0
1645,23486778.0
1646,30131968.0
1647,21918742.0
1648,18700962.0
1649,42808860.0
1650,28412316.0
1651,31217824.0
1652,41135048.0
1653,22816950.0
1654,23973154.0
1655,47221704.0
1656,45627136.0
1657,33730748.0
1658,30565972.0
1659,24313856.0
1660,47897780.0
1661,42601664.0
1662,39440092.0
1663,20366014.0
1664,39076424.0
1665,26894112.0
1666,50949636.0
1667,45777220.0
1668,27143072.0
1669,27658244.0
1670,49064144.0
1671,30818944.0
1672,37657808.0
1673,29771016.0
1674,41187400.0
1675,40427040.0
1676,32728824.0
1677,38095380.0
1678,33231836.0
1679,44528520.0
1680,36102800.0
1681,36983128.0
1682,29395422.0
1683,35737688.0
1684,32140212.0
1685,33514334.0
1686,33468920.0
1687,29645616.0
1688,33330418.0
1689,22820994.0
1690,37366184.0
1691,40495640.0
1692,25872404.0
1693,49142080.0
1694,29902828.0
1695,44090404.0
1696,27668138.0
1697,28647892.0
1698,46534864.0
1699,39224748.0
1700,37567516.0
1701,36374056.0
1702,24119720.0
1703,44355716.0
1704,41686008.0
1705,30721900.0
1706,34950932.0
1707,45715072.0
1708,34556208.0
1709,53141876.0
1710,55378716.0
1711,48506072.0
1712,52294396.0
1713,47861120.0
1714,34584060.0
1715,42224252.0
1716,39033936.0
1717,44198148.0
1718,54500864.0
1719,33516714.0
1720,35766672.0
1721,37703720.0
1722,58332236.0
1723,58525904.0
1724,40061732.0
1725,48585900.0
1726,39185144.0
1727,48952248.0
1728,38327612.0
1729,39887360.0
1730,59455496.0
1731,35988288.0
1732,42396996.0
1733,35853680.0
1734,56235520.0
1735,38852312.0
1736,55760608.0
1737,57313076.0
1738,49390660.0
1739,43995000.0
1740,35751380.0
1741,56161636.0
1742,41139316.0
1743,62492012.0
1744,33262572.0
1745,46492332.0
1746,28383552.0
1747,48386116.0
1748,48166180.0
1749,38366376.0
1750,40478808.0
1751,45931400.0
1752,42245496.0
1753,45716468.0
1754,34286376.0
1755,39668528.0
1756,40144960.0
1757,46709248.0
1758,45864092.0
1759,48925352.0
1760,47376744.0
1761,31157004.0
1762,51613812.0
1763,41275864.0
1764,50051564.0
1765,39587612.0
1766,29794666.0
1767,43764140.0
1768,55421988.0
1769,42894588.0
1770,44375812.0
1771,17798352.0
1772,27833204.0
1773,49773532.0
1774,43904876.0
1775,42282496.0
1776,39633876.0
1777,33035632.0
1778,30344716.0
1779,35115208.0
1780,30844278.0
1781,37439992.0
1782,28569340.0
1783,32381742.0
1784,55608500.0
1785,21600978.0
1786,51795516.0
1787,50635948.0
1788,46764092.0
1789,46813360.0
1790,44488780.0
1791,37898688.0
1792,45184880.0
1793,55239116.0
1794,39974920.0
1795,28430358.0
1796,53785276.0
1797,48490732.0
1798,44662372.0
1799,54891380.0
1800,42834328.0
1801,36485844.0
1802,43521296.0
1803,41420404.0
1804,37507452.0
1805,42764416.0
1806,33653332.0
1807,37701560.0
1808,39803548.0
1809,28586326.0
1810,56808664.0
1811,34554756.0
1812,29564644.0
1813,42305296.0
1814,49912248.0
1815,47776720.0
1816,42426088.0
1817,46180012.0
1818,40819544.0
1819,44430656.0
1820,42324412.0
1821,31788192.0
1822,42934012.0
1823,42377180.0
1824,37052568.0
1825,38525244.0
1826,41430576.0
1827,41594712.0
1828,39596464.0
1829,39148980.0
1830,48965920.0
1831,33812004.0
1832,49365416.0
1833,33318630.0
1834,43585808.0
1835,33441370.0
1836,33416794.0
1837,39838020.0
1838,26868436.0
1839,50122268.0
1840,38312324.0
1841,52988636.0
1842,32158224.0
1843,45815748.0
1844,37411052.0
1845,48438060.0
1846,36967632.0
1847,42877936.0
1848,40150384.0
1849,44845016.0
1850,28917252.0
1851,19524624.0
1852,40770748.0
1853,36005380.0
1854,24377444.0
1855,41483216.0
1856,42955388.0
1857,40580192.0
1858,33747912.0
1859,38222868.0
1860,45520356.0
1861,37472276.0
1862,41649448.0
1863,42665668.0
1864,41731644.0
1865,42992700.0
1866,34727660.0
1867,24699382.0
1868,48066428.0
1869,28467098.0
1870,21156464.0
1871,32331270.0
1872,24527520.0
1873,28568058.0
1874,30885614.0
1875,45599152.0
1876,32531140.0
1877,29320644.0
1878,33278848.0
1879,36236620.0
1880,33714888.0
1881,47072916.0
1882,27046058.0
1883,32833478.0
1884,31763420.0
1885,21824084.0
1886,27688144.0
1887,31479724.0
1888,49926088.0
1889,44126944.0
1890,34693012.0
1891,30041852.0
1892,27728308.0
1893,31998182.0
1894,41030472.0
1895,25611438.0
1896,48877928.0
1897,26811390.0
1898,40112564.0
1899,39139544.0
1900,32296700.0
1901,35062020.0
1902,46690164.0
1903,27094752.0
1904,34253372.0
1905,30380524.0
1906,16324836.0
1907,30361160.0
1908,34983400.0
1909,26404264.0
1910,29280250.0
1911,25676998.0
1912,25941288.0
1913,43302208.0
1914,32933878.0
1915,33472042.0
1916,46249060.0
1917,24989202.0
1918,25363206.0
1919,24016404.0
1920,29539280.0
1921,36658420.0
1922,20580352.0
1923,15347414.0
1924,37438396.0
1925,26384380.0
1926,20668096.0
1927,25517698.0
1928,24688364.0
1929,24436910.0
1930,22098008.0
1931,17411048.0
1932,23510912.0
1933,25125170.0
1934,23639154.0
1935,28944256.0
1936,32798938.0
1937,25189280.0
1938,26727164.0
1939,23496886.0
1940,35102412.0
1941,17805976.0
1942,35726068.0
1943,25161210.0
1944,31333350.0
1945,30750084.0
1946,25088494.0
1947,22447678.0
1948,18478084.0
1949,30438172.0
1950,26147876.0
1951,21756610.0
1952,16327182.0
1953,16964584.0
1954,14404070.0
1955,23993436.0
1956,29263892.0
1957,22622344.0
1958,25921664.0
1959,17529166.0
1960,18055722.0
1961,27191962.0
1962,19486984.0
1963,19703114.0
1964,24822996.0
1965,22080880.0
1966,22022800.0
1967,30416462.0
1968,25798858.0
1969,21727416.0
1970,22813782.0
1971,18598576.0
1972,20657762.0
1973,16041216.0
1974,14778698.0
1975,20702062.0
1976,23130518.0
1977,23267848.0
1978,18362476.0
1979,11513074.0
1980,11201060.0
1981,17133682.0
1982,21812996.0
1983,14314605.0
1984,14893269.0
1985,16230509.0
1986,16912010.0
1987,19801118.0
1988,20034478.0
1989,27663628.0
1990,26235510.0
1991,20515402.0
1992,15999198.0
1993,19644548.0
1994,23331344.0
1995,24064148.0
1996,9867914.0
1997,19751496.0
1998,14276664.0
1999,10822086.0
2000,20495140.0
2001,17195960.0
2002,16516378.0
2003,20327234.0
2004,13653494.0
2005,12695530.0
2006,20776800.0
2007,21479228.0
2008,26571602.0
2009,11553044.0
2010,20108994.0
2011,19753362.0
2012,15853870.0
2013,18255014.0
2014,15844976.0
2015,13299045.0
2016,18631872.0
2017,22220058.0
2018,16062334.0
2019,22432334.0
2020,14336631.0
2021,11938492.0
2022,12148723.0
2023,21524720.0
2024,19951676.0
2025,18458870.0
2026,15073458.0
2027,18805722.0
2028,15358398.0
2029,17335798.0
2030,12919086.0
2031,12783114.0
2032,11852382.0
2033,16631900.0
2034,15732957.0
2035,11012035.0
2036,17443134.0
2037,17003724.0
2038,15265090.0
2039,13860718.0
2040,15653942.0
2041,17315794.0
2042,23652416.0
2043,12706066.0
2044,12682440.0
2045,8870287.0
2046,13729466.0
2047,14229402.0
2048,11039940.0
2049,13324902.0
2050,12745772.0
2051,12956692.0
2052,11342579.0
2053,14370794.0
2054,14976339.0
2055,12330293.0
2056,12730308.0
2057,11472233.0
2058,15776645.0
2059,15758989.0
2060,11083990.0
2061,13390810.0
2062,11236076.0
2063,14510974.0
2064,8219846.0
2065,9961070.0
2066,12564281.0
2067,14245516.0
2068,7517357.0
2069,15118707.0
2070,11589425.0
2071,10406286.0
2072,8866504.0
2073,10049602.0
2074,13299156.0
2075,12079302.0
2076,9452890.0
2077,10711358.0
2078,9301585.0
2079,7488793.5
2080,11996011.0
2081,7463188.0
2082,9966939.0
2083,10133099.0
2084,4937442.0
2085,11400194.0
2086,13641296.0
2087,12309534.0
2088,7403160.5
2089,8552118.0
2090,9570817.0
2091,9346580.0
2092,7746957.0
2093,8203784.0
2094,5819812.0
2095,10881539.0
2096,9677365.0
2097,8528287.0
2098,11599279.0
2099,8271609.5
2100,6813971.0
2101,9303031.0
2102,10343117.0
2103,8582243.0
2104,8150543.0
2105,6606693.0
2106,7932469.0
2107,9167798.0
2108,10509900.0
2109,6013222.0
2110,6100308.5
2111,7081361.0
2112,7896286.5
2113,7115039.0
2114,6049367.0
2115,6901317.5
2116,7746538.5
2117,7773257.5
2118,7941532.5
2119,8100545.0
2120,5027074.0
2121,8516711.0
2122,5335162.5
2123,5464294.0
2124,5396600.0
2125,6366907.5
2126,7123366.5
2127,5152786.5
2128,5783414.0
2129,4924130.0
2130,5641604.0
2131,6064167.0
2132,5132052.0
2133,5802913.5
2134,4754593.0
2135,4542645.5
2136,4996987.5
2137,4226011.0
2138,6371700.0
2139,4956584.0
2140,4607193.0
2141,4799473.0
2142,4036417.25
2143,7408919.0
2144,5520871.0
2145,5714724.0
2146,4489423.0
2147,4623332.0
2148,4450026.0
2149,4181936.75
2150,4236312.0
2151,4201814.0
2152,4116555.25
2153,3908779.5
2154,4609877.5
2155,4184619.0
2156,3745538.75
2157,4443344.0
2158,3754650.0
2159,3891128.5
2160,3293028.75
2161,3065271.5
2162,4008122.0
2163,3520827.0
2164,3242619.5
2165,3081124.75
2166,3462685.25
2167,4203022.0
2168,2840446.25
2169,3492666.5
2170,3964365.5
2171,2824543.75
2172,3725690.0
2173,2841021.0
2174,3092823.75
2175,3175237.0
2176,2027680.5
2177,3263050.5
2178,2918978.75
2179,3316324.25
2180,3251672.75
2181,2697748.0
2182,2949797.75
2183,3072447.5
2184,3259316.0
2185,2028495.25
2186,2617939.0
2187,2060370.625
2188,1958006.25
2189,3237966.0
2190,2300183.25
2191,1760727.75
2192,2171226.75
2193,2180119.5
2194,3012545.5
2195,1962088.625
2196,3372972.25
2197,2718030.5
2198,2178747.5
2199,2322688.0
2200,1501198.25
2201,2284030.75
2202,2315308.75
2203,2192190.75
2204,2252990.25
2205,2071887.875
2206,2227471.0
2207,1874264.0
2208,1775727.625
2209,1699651.375
2210,1691845.25
2211,2664965.75
2212,2775594.5
2213,1659730.5
2214,1657990.75
2215,1536709.125
2216,1511667.25
2217,1144489.125
2218,1313390.625
2219,1472000.625
2220,1514180.25
2221,985341.3125
2222,1720431.5
2223,1182712.125
2224,1334602.75
2225,1874189.625
2226,1088560.75
2227,1256652.5
2228,827059.0625
2229,1412994.125
2230,1411667.125
2231,1059308.875
2232,1247125.75
2233,1773026.75
2234,705563.6875
2235,1226254.25
2236,1171859.375
2237,1003707.8125
2238,1149399.75
2239,1374688.875
2240,1067138.375
2241,1359941.5
2242,1089903.25
2243,898182.375
2244,961496.3125
2245,946504.6875
2246,543382.875
2247,488849.59375
2248,801154.6875
2249,652793.625
2250,670575.3125
2251,634814.9375
2252,756441.375
2253,819818.125
2254,729377.9375
2255,786552.125
2256,792004.875
2257,604320.625
2258,669653.1875
2259,706948.875
2260,733691.4375
2261,561520.3125
2262,818836.25
2263,629624.75
2264,759137.9375
2265,575058.25
2266,376792.875
2267,469584.4375
2268,432444.25
2269,539509.25
2270,591635.0
2271,624267.5
2272,349882.125
2273,553327.25
2274,522800.3125
2275,420606.5
2276,315339.0625
2277,345052.15625
2278,294595.375
2279,249000.25
2280,436437.96875
2281,324505.625
2282,316223.0
2283,336253.78125
2284,303186.625
2285,407321.46875
2286,466215.375
2287,368108.03125
2288,290750.3125
2289,343407.75
2290,303689.9375
2291,319307.28125
2292,218449.75
2293,234747.28125
2294,251052.59375
2295,277442.40625
2296,304234.59375
2297,259586.65625
2298,166849.671875
2299,238174.65625
2300,221132.953125
2301,181631.328125
2302,190276.015625
2303,165533.46875
2304,172051.625
2305,170518.703125
2306,136421.53125
2307,163538.640625
2308,145196.6875
2309,153249.109375
2310,161232.8125
2311,97898.2265625
2312,121307.6640625
2313,144748.3125
2314,116844.7578125
2315,112358.734375
2316,146685.96875
2317,120318.0
2318,102306.90625
2319,87962.390625
2320,107842.203125
2321,111187.2734375
2322,108644.546875
2323,85977.3046875
2324,82108.875
2325,85893.28125
2326,102252.1484375
2327,82975.1953125
2328,74470.3046875
2329,76201.84375
2330,82315.578125
2331,84094.4609375
2332,68543.84375
2333,64577.8671875
2334,68748.640625
2335,66956.703125
2336,60324.8359375
2337,74132.7109375
2338,56135.7421875
2339,67276.7734375
2340,65649.8359375
2341,62547.796875
2342,63650.36328125
2343,56881.4765625
2344,70666.671875
2345,70286.6328125
2346,55301.51171875
2347,60688.52734375
2348,65636.1953125
2349,60568.59375
2350,55337.3515625
2351,50998.9453125
2352,60467.640625
2353,53828.30859375
2354,62987.65234375
2355,49747.00390625
2356,52926.5234375
2357,56057.29296875
2358,56234.29296875
2359,46540.16796875
2360,56826.73046875
2361,57318.7734375
2362,53357.73828125
2363,49373.02734375
2364,52320.13671875
2365,51064.74609375
2366,54006.4765625
2367,62289.19140625
2368,67032.1640625
2369,65766.4296875
2370,64223.33203125
2371,50900.15234375
2372,53364.10546875
2373,77178.59375
2374,55501.77734375
2375,69151.9375
2376,75553.6328125
2377,55997.84375
2378,57996.4765625
2379,69922.7578125
2380,60535.54296875
2381,82759.765625
2382,78212.34375
2383,60831.2890625
2384,80960.4453125
2385,63965.265625
2386,79146.4453125
2387,70977.6796875
2388,66438.6328125
2389,67012.328125
2390,71931.609375
2391,70812.8828125
2392,71064.28125
2393,76406.703125
2394,77531.046875
2395,63009.9296875
2396,76078.84375
2397,80941.078125
2398,69091.0234375
2399,69135.296875
2400,75700.8671875
2401,72802.015625
2402,67227.8203125
2403,71292.1875
2404,65507.421875
2405,102624.53125
2406,63828.0
2407,67271.5546875
2408,78502.1875
2409,86894.8125
2410,77433.1640625
2411,91443.703125
2412,111374.6015625
2413,84326.828125
2414,87676.3359375
2415,75848.1875
2416,90893.96875
2417,84068.7578125
2418,69224.21875
2419,84923.4296875
2420,84004.171875
2421,82043.03125
2422,90729.2734375
2423,73444.21875
2424,79988.6328125
2425,68987.203125
2426,75234.5625
2427,67514.796875
2428,70508.6328125
2429,66189.6484375
2430,91030.765625
2431,74073.890625
2432,78284.359375
2433,70895.7890625
2434,96658.0703125
2435,85569.8984375
2436,70825.75
2437,76762.4140625
2438,93518.6171875
2439,95916.7734375
2440,80480.6171875
2441,84470.1796875
2442,85285.90625
2443,88376.7421875
2444,91579.84375
2445,73170.0078125
2446,80694.34375
2447,66244.96875
2448,80610.578125
2449,80873.765625
2450,64239.7109375
2451,75283.2734375
2452,84779.6796875
2453,89401.296875
2454,76484.125
2455,90242.1015625
2456,74311.3203125
2457,86553.2421875
2458,100882.1171875
2459,95961.5078125
2460,72386.7109375
2461,76731.671875
2462,66358.2421875
2463,84452.9140625
2464,79305.625
2465,100202.8984375
2466,70202.2421875
2467,75310.4296875
2468,82761.8203125
2469,76116.46875
2470,71539.390625
2471,74595.234375
2472,65406.2890625
2473,70573.96875
2474,67699.828125
2475,105936.0390625
2476,98703.6796875
2477,103290.28125
2478,106884.0
2479,98109.3828125
2480,99636.890625
2481,100940.3203125
2482,64552.9296875
2483,77505.78125
2484,79704.5234375
2485,80108.203125
2486,86278.5625
2487,88928.265625
2488,82093.5625
2489,89908.578125
2490,80716.5859375
2491,82207.09375
2492,97021.671875
2493,77655.3046875
2494,76917.2578125
2495,87690.90625
2496,86605.9609375
2497,77096.1171875
2498,94400.2109375
2499,83334.96875
2500,81571.0703125
2501,68372.203125
2502,81062.9296875
2503,66299.2109375
2504,74584.3359375
2505,90687.484375
2506,90891.6953125
2507,101220.53125
2508,78985.6796875
2509,84056.125
2510,84454.6796875
2511,85346.203125
2512,75296.2265625
2513,92325.6953125
2514,75857.1640625
2515,74904.5703125
2516,70203.421875
2517,85284.921875
2518,91810.3203125
2519,85102.515625
2520,78709.390625
2521,81145.796875
2522,90561.8125
2523,100756.0
2524,78132.5
2525,85231.140625
2526,81239.328125
2527,79675.7890625
2528,80918.4609375
2529,83807.453125
2530,89708.7265625
2531,72746.4765625
2532,95412.453125
2533,82762.40625
2534,95253.625
2535,82019.359375
2536,81440.4453125
2537,103270.8984375
2538,85567.2109375
2539,98494.2734375
2540,82105.4453125
2541,78112.078125
2542,79361.8984375
2543,89274.2890625
2544,96048.2890625
2545,102907.2109375
2546,75948.6953125
2547,75409.0703125
2548,83434.65625
2549,97500.40625
2550,93608.375
2551,86543.03125
2552,85783.828125
2553,75432.9765625
2554,92538.0625
2555,114575.0390625
2556,84309.8125
2557,73767.71875
2558,93206.546875
2559,85905.3671875
2560,104072.2421875
2561,95442.7578125
2562,89746.2109375
2563,96079.140625
2564,98279.03125
2565,88536.546875
2566,100437.7578125
2567,70445.578125
2568,106435.015625
2569,94864.3515625
2570,114609.875
2571,71283.0390625
2572,100840.4921875
2573,92556.75
2574,96422.578125
2575,99205.75
2576,87928.1484375
2577,88964.3203125
2578,81792.8671875
2579,97440.984375
2580,88449.015625
2581,95799.1640625
2582,94268.734375
2583,88539.015625
2584,102251.21875
2585,79263.984375
2586,83089.65625
2587,94662.4921875
2588,82747.078125
2589,74106.6953125
2590,97302.7265625
2591,97276.8125
2592,87026.03125
2593,100398.8828125
2594,88636.703125
2595,76428.03125
2596,105359.875
2597,107321.1328125
2598,109495.0859375
2599,85056.5625
2600,84803.859375
2601,94974.96875
2602,76208.1953125
2603,97953.1328125
2604,97647.859375
2605,82560.4296875
2606,82292.8671875
2607,89126.5546875
2608,77842.3828125
2609,91515.515625
2610,109790.1796875
2611,76706.078125
2612,111233.7421875
2613,71614.2421875
2614,105850.875
2615,96415.890625
2616,91170.6328125
2617,64998.8046875
2618,93214.0390625
2619,93140.6953125
2620,93900.390625
2621,101469.921875
2622,95225.6171875
2623,93409.53125
2624,87112.484375
2625,90685.171875
2626,104732.4296875
2627,103279.4375
2628,97808.8984375
2629,89344.828125
2630,105443.6640625
2631,94434.5625
2632,111057.2578125
2633,98256.421875
2634,77967.0703125
2635,105948.7421875
2636,94210.78125
2637,99260.921875
2638,83841.75
2639,98097.484375
2640,69363.453125
2641,99702.484375
2642,76220.3203125
2643,112704.4453125
2644,113384.984375
2645,98668.734375
2646,90993.6171875
2647,92522.6171875
2648,74591.59375
2649,90709.5625
2650,85858.65625
2651,89796.765625
2652,90232.8671875
2653,98158.5078125
2654,111393.734375
2655,114259.5859375
2656,100329.078125
2657,84374.453125
2658,99800.1796875
2659,103805.28125
2660,75850.1015625
2661,89601.78125
2662,68164.890625
2663,101611.515625
2664,105229.546875
2665,87171.578125
2666,84694.2265625
2667,82049.765625
2668,90568.7265625
2669,90475.5625
2670,89463.671875
2671,88641.96875
2672,112906.140625
2673,98545.828125
2674,97456.7265625
2675,85855.8203125
2676,74145.0234375
2677,80314.7109375
2678,79944.2734375
2679,83662.71875
2680,81683.8203125
2681,102744.5703125
2682,102030.640625
2683,90160.1328125
2684,93613.0
2685,97713.640625
2686,105244.703125
2687,87387.171875
2688,76617.6953125
2689,82014.296875
2690,77854.234375
2691,73282.578125
2692,83503.796875
2693,71163.234375
2694,88749.1875
2695,88099.1484375
2696,90901.390625
2697,88906.140625
2698,53982.546875
2699,68546.046875
2700,66561.609375
2701,73040.828125
2702,75392.6015625
2703,77259.96875
2704,73325.203125
2705,74140.171875
2706,78275.671875
2707,75811.796875
2708,73389.7265625
2709,69536.578125
2710,110016.6484375
2711,74801.2421875
2712,96577.8984375
2713,90703.140625
2714,72355.3203125
2715,84039.078125
2716,65771.5859375
2717,75649.0078125
2718,79360.71875
2719,63000.05859375
2720,65031.921875
2721,76316.65625
2722,60209.21484375
2723,74613.7734375
2724,75013.5703125
2725,63163.22265625
2726,71683.921875
2727,56359.71484375
2728,50576.09765625
2729,71518.296875
2730,57837.46875
2731,59302.26171875
2732,66096.359375
2733,59190.9375
2734,63862.0625
2735,73204.4453125
2736,55759.87890625
2737,75890.2109375
2738,56506.30859375
2739,71729.0390625
2740,77145.515625
2741,56339.12890625
2742,59987.3671875
2743,55926.00390625
2744,65632.1171875
2745,64609.09375
2746,63268.73046875
2747,78811.1640625
2748,51945.25
2749,62568.44140625
2750,57001.7109375
2751,58263.8984375
2752,59156.06640625
2753,60905.0
2754,50050.16015625
2755,60178.2578125
2756,51177.50390625
2757,49565.7578125
2758,52609.09375
2759,48198.4609375
2760,53327.7734375
2761,48519.05859375
2762,65979.46875
2763,75507.8671875
2764,57667.25
2765,58606.3828125
2766,50619.55078125
2767,49912.359375
2768,44875.17578125
2769,45430.6953125
2770,46938.609375
2771,59593.765625
2772,51243.20703125
2773,53267.78125
2774,54383.3671875
2775,45647.19140625
2776,38096.82421875
2777,50577.0
2778,50300.41796875
2779,59765.375
2780,53612.62890625
2781,68537.8046875
2782,55625.1640625
2783,47569.97265625
2784,53873.90234375
2785,40007.765625
2786,57015.77734375
2787,45860.63671875
2788,45778.109375
2789,53265.453125
2790,56503.5234375
2791,45997.625
2792,55411.76953125
2793,60982.578125
2794,50345.5625
2795,33104.57421875
2796,50348.1640625
2797,39763.6484375
2798,44037.546875
2799,36346.13671875
2800,41719.09765625
2801,52163.046875
2802,50403.44140625
2803,44716.359375
2804,44044.28515625
2805,47042.2265625
2806,45160.2421875
2807,32886.26953125
2808,48598.9765625
2809,32291.625
2810,60682.5859375
2811,40861.40234375
2812,61764.44140625
2813,48151.43359375
2814,53665.2265625
2815,41421.4609375
2816,48514.7578125
2817,44988.7421875
2818,47305.9921875
2819,48697.72265625
2820,35193.6328125
2821,49962.4375
2822,37301.68359375
2823,51416.85546875
2824,39468.44140625
2825,41052.9296875
2826,63793.8125
2827,44501.78515625
2828,41009.125
2829,28149.75390625
2830,41484.9453125
2831,34327.015625
2832,33260.12890625
2833,38989.16796875
2834,35642.44140625
2835,36270.65625
2836,33879.04296875
2837,38788.734375
2838,45317.859375
2839,42204.265625
2840,39922.890625
2841,39763.484375
2842,37679.9140625
2843,41978.27734375
2844,36605.09375
2845,27029.19140625
2846,60341.3671875
2847,36044.04296875
2848,38326.41015625
2849,44366.609375
2850,46717.0234375
2851,43337.7734375
2852,40432.30859375
2853,38660.4921875
2854,44045.82421875
2855,41695.42578125
2856,51733.65234375
2857,39384.09375
2858,29879.734375
2859,46843.46484375
2860,30398.8203125
2861,32747.767578125
2862,32907.8046875
2863,32850.21484375
2864,47068.58203125
2865,38695.640625
2866,27053.162109375
2867,31166.025390625
2868,31112.03125
2869,25835.9296875
2870,34947.44921875
2871,32680.015625
2872,46711.34375
2873,33084.453125
2874,31634.93359375
2875,37583.02734375
2876,49273.94921875
2877,32764.27734375
2878,23216.65234375
2879,34913.109375
2880,29667.646484375
2881,44306.890625
2882,27469.322265625
2883,32864.4921875
2884,45459.359375
2885,29880.072265625
2886,25216.755859375
2887,32685.0859375
2888,43876.609375
2889,37368.359375
2890,28688.6640625
2891,28510.7109375
2892,23012.66796875
2893,29678.849609375
2894,39579.8515625
2895,37292.2578125
2896,29081.740234375
2897,26448.55078125
2898,25617.568359375
2899,32591.244140625
2900,28159.8359375
2901,24366.46875
2902,33359.23046875
2903,21709.50390625
2904,29446.63671875
2905,27894.23046875
2906,30989.638671875
2907,28949.208984375
2908,29883.69140625
2909,23979.599609375
2910,24681.39453125
2911,16417.33984375
2912,32475.4140625
2913,34251.1484375
2914,27517.537109375
2915,17437.701171875
2916,21883.72265625
2917,24829.466796875
2918,23311.884765625
2919,26483.5546875
2920,27182.8125
2921,44337.9765625
2922,30069.85546875
2923,29788.7421875
2924,30413.912109375
2925,30763.6875
2926,29336.125
2927,29634.365234375
2928,33216.39453125
2929,28910.91015625
2930,34493.76953125
2931,25406.009765625
2932,39005.4140625
2933,22624.580078125
2934,23638.26171875
2935,20654.421875
2936,26648.419921875
2937,25714.64453125
2938,24935.15234375
2939,28235.39453125
2940,35052.23828125
2941,19341.56640625
2942,16661.41015625
2943,35892.0234375
2944,28741.158203125
2945,22589.017578125
2946,19405.265625
2947,22686.796875
2948,15926.2060546875
2949,25169.29296875
2950,30287.46484375
2951,26180.265625
2952,41996.7265625
2953,14839.81640625
2954,19913.236328125
2955,19317.126953125
2956,24802.98046875
2957,24112.767578125
2958,18166.142578125
2959,20154.654296875
2960,14199.42578125
2961,30669.9765625
2962,18155.375
2963,21971.142578125
2964,16609.380859375
2965,13245.1201171875
2966,17999.1875
2967,21415.0703125
2968,21984.96484375
2969,19204.6015625
2970,17384.525390625
2971,13982.4482421875
2972,16737.98828125
2973,22865.853515625
2974,16666.921875
2975,13773.1650390625
2976,18001.3359375
2977,14451.9794921875
2978,17906.458984375
2979,20839.783203125
2980,21329.072265625
2981,15853.2724609375
2982,16293.2216796875
2983,12371.810546875
2984,15917.779296875
2985,12679.5966796875
2986,18681.294921875
2987,15833.5419921875
2988,19649.900390625
2989,11003.548828125
2990,19648.814453125
2991,12989.279296875
2992,17345.333984375
2993,9272.57421875
2994,12777.0771484375
2995,12356.0166015625
2996,12097.4931640625
2997,17010.140625
2998,12455.4248046875
2999,14531.3515625
