,rewards
0,37.0
1,10.0
2,9.0
3,10.0
4,9.0
5,16.0
6,11.0
7,9.0
8,9.0
9,9.0
10,10.0
11,10.0
12,11.0
13,10.0
14,10.0
15,10.0
16,10.0
17,10.0
18,10.0
19,9.0
20,9.0
21,10.0
22,10.0
23,24.0
24,11.0
25,9.0
26,10.0
27,10.0
28,13.0
29,19.0
30,10.0
31,16.0
32,8.0
33,10.0
34,9.0
35,10.0
36,10.0
37,10.0
38,10.0
39,10.0
40,10.0
41,9.0
42,14.0
43,10.0
44,9.0
45,10.0
46,9.0
47,10.0
48,20.0
49,10.0
50,11.0
51,10.0
52,25.0
53,14.0
54,10.0
55,14.0
56,13.0
57,9.0
58,10.0
59,9.0
60,9.0
61,9.0
62,9.0
63,25.0
64,27.0
65,11.0
66,11.0
67,10.0
68,10.0
69,10.0
70,9.0
71,9.0
72,10.0
73,10.0
74,10.0
75,11.0
76,10.0
77,10.0
78,10.0
79,9.0
80,10.0
81,9.0
82,11.0
83,10.0
84,10.0
85,9.0
86,10.0
87,9.0
88,10.0
89,10.0
90,10.0
91,10.0
92,9.0
93,9.0
94,10.0
95,10.0
96,10.0
97,10.0
98,10.0
99,10.0
100,10.0
101,9.0
102,10.0
103,9.0
104,10.0
105,10.0
106,9.0
107,10.0
108,10.0
109,10.0
110,9.0
111,10.0
112,10.0
113,10.0
114,10.0
115,10.0
116,10.0
117,9.0
118,11.0
119,10.0
120,9.0
121,9.0
122,10.0
123,10.0
124,10.0
125,10.0
126,10.0
127,10.0
128,9.0
129,10.0
130,10.0
131,10.0
132,10.0
133,10.0
134,10.0
135,10.0
136,10.0
137,10.0
138,9.0
139,10.0
140,10.0
141,10.0
142,10.0
143,10.0
144,9.0
145,11.0
146,9.0
147,10.0
148,9.0
149,10.0
150,10.0
151,10.0
152,9.0
153,11.0
154,9.0
155,10.0
156,9.0
157,9.0
158,10.0
159,11.0
160,10.0
161,10.0
162,10.0
163,9.0
164,10.0
165,10.0
166,10.0
167,10.0
168,10.0
169,10.0
170,10.0
171,10.0
172,10.0
173,9.0
174,10.0
175,10.0
176,10.0
177,10.0
178,10.0
179,10.0
180,10.0
181,10.0
182,10.0
183,10.0
184,10.0
185,11.0
186,10.0
187,10.0
188,10.0
189,9.0
190,10.0
191,10.0
192,10.0
193,10.0
194,10.0
195,10.0
196,10.0
197,10.0
198,10.0
199,9.0
200,9.0
201,10.0
202,10.0
203,10.0
204,10.0
205,11.0
206,10.0
207,9.0
208,10.0
209,10.0
210,9.0
211,10.0
212,10.0
213,11.0
214,9.0
215,10.0
216,10.0
217,9.0
218,10.0
219,10.0
220,10.0
221,11.0
222,10.0
223,10.0
224,10.0
225,10.0
226,10.0
227,9.0
228,9.0
229,10.0
230,9.0
231,9.0
232,10.0
233,10.0
234,10.0
235,10.0
236,10.0
237,10.0
238,10.0
239,10.0
240,9.0
241,10.0
242,10.0
243,11.0
244,10.0
245,10.0
246,11.0
247,10.0
248,10.0
249,10.0
250,10.0
251,10.0
252,10.0
253,10.0
254,10.0
255,11.0
256,10.0
257,10.0
258,10.0
259,10.0
260,9.0
261,10.0
262,9.0
263,10.0
264,10.0
265,10.0
266,10.0
267,10.0
268,10.0
269,10.0
270,11.0
271,10.0
272,10.0
273,10.0
274,9.0
275,10.0
276,10.0
277,10.0
278,11.0
279,11.0
280,10.0
281,10.0
282,10.0
283,10.0
284,10.0
285,10.0
286,10.0
287,10.0
288,10.0
289,10.0
290,10.0
291,10.0
292,10.0
293,10.0
294,10.0
295,10.0
296,10.0
297,10.0
298,9.0
299,11.0
300,10.0
301,10.0
302,10.0
303,10.0
304,10.0
305,10.0
306,9.0
307,10.0
308,11.0
309,9.0
310,10.0
311,10.0
312,10.0
313,9.0
314,10.0
315,10.0
316,10.0
317,9.0
318,10.0
319,10.0
320,10.0
321,10.0
322,11.0
323,9.0
324,10.0
325,10.0
326,10.0
327,10.0
328,10.0
329,10.0
330,10.0
331,10.0
332,10.0
333,10.0
334,10.0
335,10.0
336,9.0
337,10.0
338,10.0
339,10.0
340,9.0
341,10.0
342,9.0
343,10.0
344,9.0
345,10.0
346,9.0
347,9.0
348,10.0
349,10.0
350,10.0
351,10.0
352,11.0
353,10.0
354,10.0
355,10.0
356,10.0
357,10.0
358,10.0
359,10.0
360,10.0
361,10.0
362,11.0
363,10.0
364,10.0
365,10.0
366,9.0
367,10.0
368,10.0
369,10.0
370,10.0
371,10.0
372,10.0
373,10.0
374,10.0
375,10.0
376,10.0
377,9.0
378,10.0
379,10.0
380,9.0
381,10.0
382,10.0
383,10.0
384,11.0
385,10.0
386,10.0
387,10.0
388,10.0
389,10.0
390,10.0
391,10.0
392,10.0
393,10.0
394,10.0
395,10.0
396,10.0
397,10.0
398,10.0
399,10.0
400,10.0
401,10.0
402,10.0
403,10.0
404,10.0
405,10.0
406,10.0
407,10.0
408,9.0
409,11.0
410,10.0
411,10.0
412,9.0
413,10.0
414,10.0
415,10.0
416,10.0
417,10.0
418,10.0
419,10.0
420,10.0
421,10.0
422,10.0
423,10.0
424,11.0
425,10.0
426,10.0
427,10.0
428,9.0
429,9.0
430,10.0
431,10.0
432,10.0
433,10.0
434,10.0
435,9.0
436,10.0
437,10.0
438,10.0
439,10.0
440,9.0
441,9.0
442,10.0
443,10.0
444,9.0
445,10.0
446,10.0
447,10.0
448,10.0
449,10.0
450,9.0
451,10.0
452,10.0
453,10.0
454,10.0
455,10.0
456,10.0
457,9.0
458,10.0
459,17.0
460,9.0
461,10.0
462,9.0
463,20.0
464,11.0
465,9.0
466,10.0
467,10.0
468,12.0
469,18.0
470,10.0
471,10.0
472,10.0
473,12.0
474,11.0
475,10.0
476,9.0
477,10.0
478,16.0
479,10.0
480,10.0
481,10.0
482,14.0
483,10.0
484,10.0
485,10.0
486,10.0
487,16.0
488,10.0
489,9.0
490,37.0
491,10.0
492,10.0
493,10.0
494,15.0
495,10.0
496,9.0
497,12.0
498,10.0
499,9.0
500,10.0
501,10.0
502,11.0
503,10.0
504,29.0
505,10.0
506,43.0
507,19.0
508,10.0
509,10.0
510,10.0
511,10.0
512,19.0
513,10.0
514,10.0
515,10.0
516,14.0
517,10.0
518,10.0
519,29.0
520,11.0
521,10.0
522,9.0
523,10.0
524,10.0
525,11.0
526,10.0
527,10.0
528,18.0
529,10.0
530,10.0
531,9.0
532,9.0
533,10.0
534,11.0
535,10.0
536,9.0
537,10.0
538,10.0
539,10.0
540,10.0
541,9.0
542,10.0
543,10.0
544,10.0
545,29.0
546,10.0
547,10.0
548,9.0
549,10.0
550,22.0
551,10.0
552,10.0
553,10.0
554,10.0
555,33.0
556,10.0
557,10.0
558,27.0
559,10.0
560,12.0
561,31.0
562,10.0
563,10.0
564,49.0
565,9.0
566,10.0
567,10.0
568,10.0
569,9.0
570,10.0
571,9.0
572,10.0
573,10.0
574,11.0
575,10.0
576,10.0
577,10.0
578,10.0
579,10.0
580,10.0
581,18.0
582,10.0
583,10.0
584,12.0
585,11.0
586,9.0
587,9.0
588,10.0
589,10.0
590,10.0
591,10.0
592,11.0
593,11.0
594,19.0
595,20.0
596,10.0
597,10.0
598,10.0
599,10.0
600,10.0
601,41.0
602,10.0
603,10.0
604,11.0
605,10.0
606,11.0
607,28.0
608,10.0
609,10.0
610,14.0
611,9.0
612,10.0
613,10.0
614,9.0
615,11.0
616,10.0
617,10.0
618,10.0
619,13.0
620,10.0
621,18.0
622,10.0
623,26.0
624,10.0
625,9.0
626,10.0
627,10.0
628,10.0
629,10.0
630,10.0
631,10.0
632,20.0
633,12.0
634,10.0
635,38.0
636,10.0
637,10.0
638,9.0
639,10.0
640,10.0
641,10.0
642,10.0
643,10.0
644,11.0
645,26.0
646,10.0
647,18.0
648,10.0
649,10.0
650,10.0
651,10.0
652,10.0
653,10.0
654,9.0
655,11.0
656,10.0
657,10.0
658,10.0
659,10.0
660,9.0
661,10.0
662,10.0
663,10.0
664,10.0
665,10.0
666,9.0
667,10.0
668,10.0
669,10.0
670,10.0
671,9.0
672,10.0
673,10.0
674,9.0
675,10.0
676,10.0
677,10.0
678,10.0
679,10.0
680,8.0
681,10.0
682,8.0
683,9.0
684,10.0
685,10.0
686,10.0
687,10.0
688,10.0
689,10.0
690,10.0
691,10.0
692,10.0
693,9.0
694,9.0
695,10.0
696,9.0
697,9.0
698,10.0
699,10.0
700,10.0
701,9.0
702,10.0
703,10.0
704,9.0
705,10.0
706,9.0
707,10.0
708,9.0
709,10.0
710,9.0
711,10.0
712,9.0
713,9.0
714,10.0
715,8.0
716,11.0
717,10.0
718,10.0
719,9.0
720,10.0
721,10.0
722,11.0
723,10.0
724,10.0
725,9.0
726,10.0
727,9.0
728,8.0
729,10.0
730,8.0
731,10.0
732,10.0
733,10.0
734,10.0
735,9.0
736,8.0
737,9.0
738,8.0
739,10.0
740,10.0
741,9.0
742,10.0
743,10.0
744,10.0
745,8.0
746,10.0
747,9.0
748,10.0
749,11.0
750,10.0
751,11.0
752,9.0
753,10.0
754,10.0
755,11.0
756,9.0
757,9.0
758,8.0
759,10.0
760,10.0
761,10.0
762,9.0
763,10.0
764,10.0
765,10.0
766,10.0
767,9.0
768,10.0
769,10.0
770,9.0
771,10.0
772,9.0
773,16.0
774,9.0
775,10.0
776,10.0
777,10.0
778,17.0
779,16.0
780,15.0
781,13.0
782,15.0
783,16.0
784,10.0
785,16.0
786,10.0
787,15.0
788,13.0
789,15.0
790,9.0
791,15.0
792,10.0
793,10.0
794,9.0
795,10.0
796,9.0
797,10.0
798,9.0
799,13.0
800,10.0
801,10.0
802,9.0
803,13.0
804,9.0
805,13.0
806,10.0
807,10.0
808,10.0
809,17.0
810,15.0
811,9.0
812,10.0
813,10.0
814,15.0
815,16.0
816,10.0
817,10.0
818,9.0
819,13.0
820,9.0
821,10.0
822,10.0
823,10.0
824,10.0
825,10.0
826,10.0
827,10.0
828,17.0
829,10.0
830,10.0
831,19.0
832,10.0
833,9.0
834,10.0
835,17.0
836,19.0
837,10.0
838,13.0
839,15.0
840,13.0
841,15.0
842,15.0
843,12.0
844,10.0
845,15.0
846,14.0
847,10.0
848,10.0
849,10.0
850,15.0
851,10.0
852,10.0
853,19.0
854,19.0
855,24.0
856,13.0
857,10.0
858,11.0
859,10.0
860,10.0
861,15.0
862,11.0
863,9.0
864,10.0
865,20.0
866,9.0
867,10.0
868,19.0
869,10.0
870,15.0
871,10.0
872,24.0
873,13.0
874,10.0
875,14.0
876,25.0
877,9.0
878,9.0
879,10.0
880,10.0
881,10.0
882,10.0
883,16.0
884,13.0
885,9.0
886,10.0
887,11.0
888,10.0
889,10.0
890,15.0
891,10.0
892,10.0
893,16.0
894,10.0
895,11.0
896,10.0
897,10.0
898,10.0
899,10.0
900,10.0
901,10.0
902,10.0
903,10.0
904,10.0
905,10.0
906,11.0
907,14.0
908,13.0
909,10.0
910,9.0
911,18.0
912,13.0
913,21.0
914,10.0
915,11.0
916,11.0
917,47.0
918,10.0
919,10.0
920,10.0
921,9.0
922,10.0
923,12.0
924,15.0
925,14.0
926,14.0
927,9.0
928,12.0
929,17.0
930,10.0
931,31.0
932,11.0
933,10.0
934,16.0
935,11.0
936,9.0
937,22.0
938,11.0
939,10.0
940,14.0
941,10.0
942,19.0
943,10.0
944,18.0
945,10.0
946,56.0
947,12.0
948,10.0
949,10.0
950,11.0
951,10.0
952,22.0
953,23.0
954,10.0
955,14.0
956,9.0
957,26.0
958,10.0
959,10.0
960,17.0
961,20.0
962,59.0
963,10.0
964,73.0
965,24.0
966,10.0
967,16.0
968,16.0
969,11.0
970,12.0
971,10.0
972,54.0
973,10.0
974,10.0
975,22.0
976,11.0
977,10.0
978,15.0
979,11.0
980,15.0
981,25.0
982,11.0
983,15.0
984,15.0
985,10.0
986,14.0
987,47.0
988,12.0
989,10.0
990,12.0
991,17.0
992,9.0
993,15.0
994,13.0
995,10.0
996,13.0
997,14.0
998,27.0
999,11.0
1000,10.0
1001,66.0
1002,58.0
1003,18.0
1004,64.0
1005,10.0
1006,10.0
1007,10.0
1008,16.0
1009,64.0
1010,10.0
1011,10.0
1012,9.0
1013,10.0
1014,11.0
1015,10.0
1016,19.0
1017,9.0
1018,64.0
1019,9.0
1020,10.0
1021,10.0
1022,11.0
1023,16.0
1024,20.0
1025,9.0
1026,10.0
1027,10.0
1028,10.0
1029,15.0
1030,66.0
1031,10.0
1032,10.0
1033,9.0
1034,18.0
1035,10.0
1036,13.0
1037,25.0
1038,10.0
1039,18.0
1040,10.0
1041,10.0
1042,10.0
1043,10.0
1044,9.0
1045,16.0
1046,9.0
1047,10.0
1048,24.0
1049,10.0
1050,62.0
1051,25.0
1052,13.0
1053,10.0
1054,15.0
1055,16.0
1056,20.0
1057,10.0
1058,10.0
1059,9.0
1060,11.0
1061,26.0
1062,9.0
1063,56.0
1064,66.0
1065,10.0
1066,52.0
1067,10.0
1068,10.0
1069,10.0
1070,10.0
1071,24.0
1072,14.0
1073,58.0
1074,87.0
1075,10.0
1076,23.0
1077,9.0
1078,10.0
1079,10.0
1080,10.0
1081,56.0
1082,9.0
1083,10.0
1084,15.0
1085,10.0
1086,26.0
1087,10.0
1088,10.0
1089,11.0
1090,14.0
1091,10.0
1092,13.0
1093,25.0
1094,10.0
1095,10.0
1096,10.0
1097,10.0
1098,54.0
1099,14.0
1100,34.0
1101,10.0
1102,10.0
1103,11.0
1104,12.0
1105,10.0
1106,10.0
1107,10.0
1108,9.0
1109,20.0
1110,10.0
1111,9.0
1112,10.0
1113,30.0
1114,10.0
1115,10.0
1116,10.0
1117,51.0
1118,10.0
1119,10.0
1120,10.0
1121,9.0
1122,10.0
1123,16.0
1124,10.0
1125,23.0
1126,10.0
1127,53.0
1128,22.0
1129,61.0
1130,10.0
1131,10.0
1132,10.0
1133,10.0
1134,10.0
1135,10.0
1136,10.0
1137,9.0
1138,10.0
1139,10.0
1140,11.0
1141,23.0
1142,10.0
1143,51.0
1144,10.0
1145,10.0
1146,10.0
1147,27.0
1148,18.0
1149,10.0
1150,11.0
1151,10.0
1152,45.0
1153,10.0
1154,9.0
1155,53.0
1156,55.0
1157,39.0
1158,10.0
1159,29.0
1160,10.0
1161,20.0
1162,42.0
1163,9.0
1164,21.0
1165,9.0
1166,10.0
1167,9.0
1168,49.0
1169,42.0
1170,19.0
1171,41.0
1172,58.0
1173,10.0
1174,21.0
1175,10.0
1176,11.0
1177,41.0
1178,11.0
1179,10.0
1180,38.0
1181,10.0
1182,10.0
1183,10.0
1184,10.0
1185,10.0
1186,11.0
1187,41.0
1188,49.0
1189,13.0
1190,10.0
1191,9.0
1192,10.0
1193,10.0
1194,9.0
1195,10.0
1196,10.0
1197,10.0
1198,57.0
1199,10.0
1200,40.0
1201,10.0
1202,9.0
1203,54.0
1204,10.0
1205,10.0
1206,51.0
1207,10.0
1208,9.0
1209,10.0
1210,13.0
1211,9.0
1212,25.0
1213,21.0
1214,39.0
1215,10.0
1216,52.0
1217,23.0
1218,10.0
1219,10.0
1220,11.0
1221,10.0
1222,10.0
1223,10.0
1224,37.0
1225,18.0
1226,44.0
1227,53.0
1228,9.0
1229,56.0
1230,10.0
1231,10.0
1232,15.0
1233,19.0
1234,17.0
1235,19.0
1236,10.0
1237,10.0
1238,10.0
1239,22.0
1240,9.0
1241,10.0
1242,9.0
1243,10.0
1244,64.0
1245,10.0
1246,9.0
1247,64.0
1248,10.0
1249,10.0
1250,14.0
1251,16.0
1252,19.0
1253,49.0
1254,10.0
1255,70.0
1256,10.0
1257,10.0
1258,50.0
1259,12.0
1260,74.0
1261,10.0
1262,10.0
1263,9.0
1264,10.0
1265,57.0
1266,9.0
1267,10.0
1268,10.0
1269,10.0
1270,10.0
1271,10.0
1272,10.0
1273,10.0
1274,57.0
1275,10.0
1276,46.0
1277,10.0
1278,10.0
1279,10.0
1280,11.0
1281,10.0
1282,9.0
1283,11.0
1284,10.0
1285,10.0
1286,10.0
1287,10.0
1288,9.0
1289,10.0
1290,10.0
1291,10.0
1292,10.0
1293,12.0
1294,10.0
1295,10.0
1296,11.0
1297,17.0
1298,21.0
1299,23.0
1300,17.0
1301,10.0
1302,16.0
1303,35.0
1304,10.0
1305,10.0
1306,19.0
1307,10.0
1308,10.0
1309,37.0
1310,15.0
1311,10.0
1312,9.0
1313,50.0
1314,19.0
1315,9.0
1316,23.0
1317,10.0
1318,10.0
1319,10.0
1320,19.0
1321,10.0
1322,10.0
1323,10.0
1324,10.0
1325,10.0
1326,10.0
1327,10.0
1328,13.0
1329,15.0
1330,10.0
1331,10.0
1332,21.0
1333,10.0
1334,17.0
1335,21.0
1336,10.0
1337,57.0
1338,14.0
1339,15.0
1340,9.0
1341,10.0
1342,10.0
1343,16.0
1344,10.0
1345,10.0
1346,25.0
1347,10.0
1348,10.0
1349,10.0
1350,17.0
1351,10.0
1352,10.0
1353,9.0
1354,84.0
1355,24.0
1356,10.0
1357,9.0
1358,10.0
1359,10.0
1360,10.0
1361,10.0
1362,20.0
1363,11.0
1364,69.0
1365,10.0
1366,15.0
1367,13.0
1368,10.0
1369,9.0
1370,9.0
1371,9.0
1372,10.0
1373,58.0
1374,56.0
1375,10.0
1376,27.0
1377,17.0
1378,44.0
1379,18.0
1380,10.0
1381,10.0
1382,17.0
1383,10.0
1384,10.0
1385,10.0
1386,11.0
1387,21.0
1388,10.0
1389,10.0
1390,10.0
1391,10.0
1392,11.0
1393,10.0
1394,9.0
1395,10.0
1396,18.0
1397,10.0
1398,10.0
1399,10.0
1400,10.0
1401,13.0
1402,10.0
1403,10.0
1404,49.0
1405,10.0
1406,20.0
1407,19.0
1408,47.0
1409,10.0
1410,10.0
1411,10.0
1412,9.0
1413,10.0
1414,10.0
1415,9.0
1416,10.0
1417,11.0
1418,10.0
1419,10.0
1420,10.0
1421,9.0
1422,10.0
1423,18.0
1424,9.0
1425,10.0
1426,10.0
1427,14.0
1428,10.0
1429,10.0
1430,54.0
1431,10.0
1432,10.0
1433,10.0
1434,11.0
1435,11.0
1436,9.0
1437,10.0
1438,10.0
1439,11.0
1440,10.0
1441,13.0
1442,13.0
1443,11.0
1444,10.0
1445,10.0
1446,10.0
1447,10.0
1448,10.0
1449,10.0
1450,9.0
1451,10.0
1452,10.0
1453,10.0
1454,10.0
1455,10.0
1456,21.0
1457,10.0
1458,11.0
1459,10.0
1460,11.0
1461,10.0
1462,9.0
1463,11.0
1464,9.0
1465,11.0
1466,12.0
1467,12.0
1468,11.0
1469,26.0
1470,10.0
1471,10.0
1472,9.0
1473,10.0
1474,10.0
1475,35.0
1476,11.0
1477,13.0
1478,10.0
1479,10.0
1480,11.0
1481,12.0
1482,10.0
1483,11.0
1484,10.0
1485,10.0
1486,10.0
1487,16.0
1488,10.0
1489,10.0
1490,9.0
1491,10.0
1492,10.0
1493,10.0
1494,9.0
1495,9.0
1496,9.0
1497,9.0
1498,8.0
1499,10.0
1500,10.0
1501,9.0
1502,10.0
1503,10.0
1504,9.0
1505,10.0
1506,9.0
1507,10.0
1508,10.0
1509,10.0
1510,8.0
1511,10.0
1512,9.0
1513,9.0
1514,9.0
1515,10.0
1516,9.0
1517,10.0
1518,8.0
1519,10.0
1520,9.0
1521,11.0
1522,10.0
1523,9.0
1524,10.0
1525,10.0
1526,10.0
1527,9.0
1528,10.0
1529,10.0
1530,10.0
1531,10.0
1532,10.0
1533,12.0
1534,12.0
1535,9.0
1536,11.0
1537,9.0
1538,8.0
1539,9.0
1540,9.0
1541,10.0
1542,8.0
1543,24.0
1544,27.0
1545,9.0
1546,9.0
1547,8.0
1548,13.0
1549,10.0
1550,9.0
1551,9.0
1552,12.0
1553,10.0
1554,11.0
1555,9.0
1556,9.0
1557,9.0
1558,8.0
1559,9.0
1560,11.0
1561,8.0
1562,10.0
1563,9.0
1564,9.0
1565,10.0
1566,9.0
1567,27.0
1568,8.0
1569,10.0
1570,11.0
1571,9.0
1572,10.0
1573,10.0
1574,9.0
1575,10.0
1576,8.0
1577,20.0
1578,9.0
1579,19.0
1580,10.0
1581,14.0
1582,10.0
1583,10.0
1584,9.0
1585,10.0
1586,9.0
1587,10.0
1588,10.0
1589,9.0
1590,10.0
1591,15.0
1592,9.0
1593,10.0
1594,10.0
1595,13.0
1596,9.0
1597,10.0
1598,10.0
1599,14.0
1600,9.0
1601,10.0
1602,10.0
1603,10.0
1604,10.0
1605,9.0
1606,10.0
1607,10.0
1608,9.0
1609,9.0
1610,10.0
1611,9.0
1612,10.0
1613,9.0
1614,8.0
1615,10.0
1616,10.0
1617,9.0
1618,10.0
1619,10.0
1620,9.0
1621,10.0
1622,8.0
1623,10.0
1624,9.0
1625,10.0
1626,8.0
1627,10.0
1628,9.0
1629,10.0
1630,8.0
1631,9.0
1632,11.0
1633,9.0
1634,10.0
1635,11.0
1636,10.0
1637,10.0
1638,10.0
1639,9.0
1640,9.0
1641,10.0
1642,10.0
1643,10.0
1644,10.0
1645,10.0
1646,10.0
1647,9.0
1648,11.0
1649,11.0
1650,10.0
1651,9.0
1652,10.0
1653,10.0
1654,9.0
1655,10.0
1656,9.0
1657,8.0
1658,11.0
1659,10.0
1660,8.0
1661,10.0
1662,9.0
1663,13.0
1664,9.0
1665,10.0
1666,10.0
1667,10.0
1668,10.0
1669,10.0
1670,9.0
1671,10.0
1672,9.0
1673,8.0
1674,15.0
1675,10.0
1676,9.0
1677,9.0
1678,8.0
1679,10.0
1680,9.0
1681,9.0
1682,19.0
1683,10.0
1684,8.0
1685,8.0
1686,9.0
1687,10.0
1688,9.0
1689,9.0
1690,10.0
1691,9.0
1692,10.0
1693,10.0
1694,10.0
1695,9.0
1696,10.0
1697,10.0
1698,9.0
1699,10.0
1700,10.0
1701,9.0
1702,9.0
1703,10.0
1704,10.0
1705,10.0
1706,10.0
1707,10.0
1708,10.0
1709,9.0
1710,15.0
1711,9.0
1712,9.0
1713,9.0
1714,10.0
1715,10.0
1716,9.0
1717,10.0
1718,10.0
1719,9.0
1720,10.0
1721,9.0
1722,10.0
1723,9.0
1724,10.0
1725,15.0
1726,10.0
1727,9.0
1728,15.0
1729,15.0
1730,10.0
1731,8.0
1732,10.0
1733,10.0
1734,9.0
1735,10.0
1736,9.0
1737,10.0
1738,9.0
1739,9.0
1740,9.0
1741,9.0
1742,10.0
1743,9.0
1744,8.0
1745,11.0
1746,10.0
1747,9.0
1748,10.0
1749,10.0
1750,15.0
1751,10.0
1752,10.0
1753,11.0
1754,10.0
1755,9.0
1756,11.0
1757,10.0
1758,19.0
1759,10.0
1760,8.0
1761,8.0
1762,8.0
1763,9.0
1764,10.0
1765,17.0
1766,15.0
1767,14.0
1768,11.0
1769,9.0
1770,9.0
1771,9.0
1772,10.0
1773,15.0
1774,20.0
1775,10.0
1776,8.0
1777,8.0
1778,11.0
1779,8.0
1780,10.0
1781,10.0
1782,9.0
1783,9.0
1784,10.0
1785,9.0
1786,17.0
1787,10.0
1788,10.0
1789,10.0
1790,10.0
1791,9.0
1792,19.0
1793,9.0
1794,10.0
1795,13.0
1796,13.0
1797,9.0
1798,10.0
1799,8.0
1800,8.0
1801,15.0
1802,10.0
1803,10.0
1804,10.0
1805,10.0
1806,12.0
1807,14.0
1808,10.0
1809,10.0
1810,13.0
1811,9.0
1812,10.0
1813,9.0
1814,10.0
1815,10.0
1816,10.0
1817,10.0
1818,10.0
1819,8.0
1820,9.0
1821,10.0
1822,9.0
1823,9.0
1824,10.0
1825,8.0
1826,9.0
1827,10.0
1828,9.0
1829,9.0
1830,10.0
1831,10.0
1832,10.0
1833,10.0
1834,10.0
1835,10.0
1836,10.0
1837,9.0
1838,8.0
1839,10.0
1840,10.0
1841,10.0
1842,10.0
1843,10.0
1844,10.0
1845,10.0
1846,9.0
1847,9.0
1848,10.0
1849,10.0
1850,10.0
1851,10.0
1852,8.0
1853,11.0
1854,10.0
1855,9.0
1856,10.0
1857,10.0
1858,10.0
1859,9.0
1860,9.0
1861,8.0
1862,10.0
1863,9.0
1864,10.0
1865,10.0
1866,10.0
1867,10.0
1868,10.0
1869,10.0
1870,10.0
1871,10.0
1872,10.0
1873,10.0
1874,9.0
1875,9.0
1876,10.0
1877,10.0
1878,11.0
1879,10.0
1880,8.0
1881,10.0
1882,10.0
1883,10.0
1884,10.0
1885,10.0
1886,10.0
1887,10.0
1888,10.0
1889,11.0
1890,11.0
1891,10.0
1892,8.0
1893,10.0
1894,10.0
1895,10.0
1896,10.0
1897,10.0
1898,9.0
1899,10.0
1900,9.0
1901,10.0
1902,10.0
1903,9.0
1904,10.0
1905,8.0
1906,9.0
1907,8.0
1908,10.0
1909,9.0
1910,10.0
1911,10.0
1912,11.0
1913,10.0
1914,10.0
1915,10.0
1916,10.0
1917,10.0
1918,10.0
1919,10.0
1920,10.0
1921,9.0
1922,10.0
1923,10.0
1924,9.0
1925,9.0
1926,10.0
1927,10.0
1928,9.0
1929,9.0
1930,11.0
1931,9.0
1932,11.0
1933,10.0
1934,10.0
1935,10.0
1936,10.0
1937,9.0
1938,9.0
1939,9.0
1940,10.0
1941,10.0
1942,9.0
1943,10.0
1944,10.0
1945,10.0
1946,10.0
1947,9.0
1948,9.0
1949,10.0
1950,9.0
1951,10.0
1952,9.0
1953,9.0
1954,10.0
1955,9.0
1956,10.0
1957,9.0
1958,8.0
1959,10.0
1960,10.0
1961,9.0
1962,9.0
1963,9.0
1964,10.0
1965,11.0
1966,10.0
1967,9.0
1968,9.0
1969,9.0
1970,10.0
1971,10.0
1972,10.0
1973,10.0
1974,9.0
1975,9.0
1976,10.0
1977,10.0
1978,9.0
1979,10.0
1980,9.0
1981,9.0
1982,10.0
1983,10.0
1984,10.0
1985,10.0
1986,10.0
1987,10.0
1988,9.0
1989,10.0
1990,10.0
1991,10.0
1992,10.0
1993,10.0
1994,10.0
1995,10.0
1996,10.0
1997,11.0
1998,9.0
1999,10.0
2000,10.0
2001,9.0
2002,10.0
2003,10.0
2004,10.0
2005,10.0
2006,10.0
2007,10.0
2008,10.0
2009,9.0
2010,9.0
2011,10.0
2012,10.0
2013,10.0
2014,9.0
2015,9.0
2016,9.0
2017,9.0
2018,10.0
2019,9.0
2020,11.0
2021,10.0
2022,9.0
2023,10.0
2024,10.0
2025,10.0
2026,9.0
2027,10.0
2028,8.0
2029,10.0
2030,10.0
2031,10.0
2032,10.0
2033,9.0
2034,10.0
2035,10.0
2036,9.0
2037,10.0
2038,10.0
2039,10.0
2040,10.0
2041,10.0
2042,11.0
2043,10.0
2044,10.0
2045,10.0
2046,10.0
2047,10.0
2048,9.0
2049,9.0
2050,10.0
2051,10.0
2052,10.0
2053,10.0
2054,10.0
2055,9.0
2056,9.0
2057,10.0
2058,10.0
2059,10.0
2060,10.0
2061,9.0
2062,9.0
2063,10.0
2064,9.0
2065,10.0
2066,9.0
2067,9.0
2068,10.0
2069,10.0
2070,9.0
2071,10.0
2072,9.0
2073,10.0
2074,10.0
2075,10.0
2076,10.0
2077,10.0
2078,10.0
2079,11.0
2080,9.0
2081,10.0
2082,10.0
2083,9.0
2084,10.0
2085,10.0
2086,10.0
2087,10.0
2088,9.0
2089,10.0
2090,11.0
2091,10.0
2092,8.0
2093,10.0
2094,10.0
2095,9.0
2096,9.0
2097,10.0
2098,10.0
2099,10.0
2100,10.0
2101,8.0
2102,10.0
2103,10.0
2104,10.0
2105,11.0
2106,10.0
2107,10.0
2108,9.0
2109,9.0
2110,10.0
2111,10.0
2112,10.0
2113,10.0
2114,10.0
2115,10.0
2116,10.0
2117,10.0
2118,9.0
2119,10.0
2120,10.0
2121,10.0
2122,10.0
2123,10.0
2124,9.0
2125,10.0
2126,10.0
2127,10.0
2128,10.0
2129,10.0
2130,10.0
2131,10.0
2132,8.0
2133,9.0
2134,10.0
2135,10.0
2136,11.0
2137,10.0
2138,10.0
2139,8.0
2140,10.0
2141,10.0
2142,10.0
2143,10.0
2144,10.0
2145,10.0
2146,10.0
2147,10.0
2148,10.0
2149,10.0
2150,10.0
2151,10.0
2152,10.0
2153,10.0
2154,10.0
2155,9.0
2156,10.0
2157,9.0
2158,10.0
2159,9.0
2160,10.0
2161,10.0
2162,10.0
2163,9.0
2164,10.0
2165,9.0
2166,10.0
2167,10.0
2168,9.0
2169,11.0
2170,10.0
2171,11.0
2172,10.0
2173,9.0
2174,10.0
2175,9.0
2176,9.0
2177,9.0
2178,11.0
2179,10.0
2180,10.0
2181,10.0
2182,9.0
2183,10.0
2184,10.0
2185,10.0
2186,10.0
2187,10.0
2188,10.0
2189,9.0
2190,10.0
2191,10.0
2192,10.0
2193,10.0
2194,10.0
2195,10.0
2196,9.0
2197,10.0
2198,9.0
2199,10.0
2200,10.0
2201,10.0
2202,11.0
2203,10.0
2204,10.0
2205,11.0
2206,9.0
2207,10.0
2208,10.0
2209,9.0
2210,9.0
2211,10.0
2212,10.0
2213,11.0
2214,10.0
2215,10.0
2216,11.0
2217,10.0
2218,10.0
2219,10.0
2220,10.0
2221,9.0
2222,9.0
2223,9.0
2224,10.0
2225,10.0
2226,9.0
2227,9.0
2228,10.0
2229,10.0
2230,11.0
2231,9.0
2232,9.0
2233,10.0
2234,9.0
2235,11.0
2236,10.0
2237,10.0
2238,10.0
2239,10.0
2240,10.0
2241,10.0
2242,10.0
2243,10.0
2244,10.0
2245,9.0
2246,10.0
2247,11.0
2248,9.0
2249,9.0
2250,10.0
2251,10.0
2252,10.0
2253,10.0
2254,9.0
2255,10.0
2256,10.0
2257,9.0
2258,9.0
2259,10.0
2260,11.0
2261,9.0
2262,9.0
2263,9.0
2264,10.0
2265,10.0
2266,9.0
2267,10.0
2268,10.0
2269,9.0
2270,10.0
2271,9.0
2272,9.0
2273,9.0
2274,10.0
2275,10.0
2276,10.0
2277,9.0
2278,10.0
2279,10.0
2280,9.0
2281,10.0
2282,10.0
2283,10.0
2284,9.0
2285,11.0
2286,9.0
2287,9.0
2288,10.0
2289,10.0
2290,10.0
2291,10.0
2292,10.0
2293,9.0
2294,10.0
2295,9.0
2296,10.0
2297,10.0
2298,10.0
2299,10.0
2300,10.0
2301,9.0
2302,10.0
2303,10.0
2304,10.0
2305,10.0
2306,10.0
2307,11.0
2308,10.0
2309,9.0
2310,10.0
2311,10.0
2312,10.0
2313,9.0
2314,11.0
2315,9.0
2316,10.0
2317,10.0
2318,9.0
2319,9.0
2320,10.0
2321,10.0
2322,11.0
2323,11.0
2324,10.0
2325,10.0
2326,10.0
2327,11.0
2328,10.0
2329,10.0
2330,10.0
2331,10.0
2332,11.0
2333,10.0
2334,9.0
2335,10.0
2336,10.0
2337,10.0
2338,10.0
2339,10.0
2340,9.0
2341,9.0
2342,10.0
2343,11.0
2344,10.0
2345,10.0
2346,11.0
2347,11.0
2348,9.0
2349,10.0
2350,10.0
2351,27.0
2352,11.0
2353,11.0
2354,9.0
2355,10.0
2356,11.0
2357,12.0
2358,9.0
2359,9.0
2360,10.0
2361,10.0
2362,11.0
2363,11.0
2364,11.0
2365,10.0
2366,11.0
2367,11.0
2368,27.0
2369,10.0
2370,10.0
2371,10.0
2372,10.0
2373,11.0
2374,11.0
2375,10.0
2376,10.0
2377,9.0
2378,10.0
2379,11.0
2380,26.0
2381,11.0
2382,9.0
2383,11.0
2384,9.0
2385,26.0
2386,27.0
2387,22.0
2388,27.0
2389,10.0
2390,10.0
2391,24.0
2392,11.0
2393,10.0
2394,10.0
2395,10.0
2396,11.0
2397,20.0
2398,24.0
2399,20.0
2400,23.0
2401,10.0
2402,11.0
2403,10.0
2404,11.0
2405,9.0
2406,10.0
2407,10.0
2408,11.0
2409,23.0
2410,27.0
2411,10.0
2412,11.0
2413,26.0
2414,10.0
2415,9.0
2416,22.0
2417,24.0
2418,11.0
2419,23.0
2420,26.0
2421,11.0
2422,10.0
2423,11.0
2424,18.0
2425,9.0
2426,9.0
2427,16.0
2428,11.0
2429,9.0
2430,18.0
2431,11.0
2432,10.0
2433,21.0
2434,10.0
2435,18.0
2436,16.0
2437,10.0
2438,11.0
2439,9.0
2440,11.0
2441,10.0
2442,22.0
2443,19.0
2444,18.0
2445,19.0
2446,22.0
2447,11.0
2448,10.0
2449,21.0
2450,19.0
2451,16.0
2452,18.0
2453,23.0
2454,10.0
2455,9.0
2456,9.0
2457,10.0
2458,9.0
2459,22.0
2460,9.0
2461,11.0
2462,19.0
2463,15.0
2464,15.0
2465,9.0
2466,11.0
2467,11.0
2468,23.0
2469,19.0
2470,19.0
2471,16.0
2472,10.0
2473,10.0
2474,10.0
2475,9.0
2476,11.0
2477,11.0
2478,14.0
2479,11.0
2480,9.0
2481,22.0
2482,9.0
2483,16.0
2484,19.0
2485,9.0
2486,16.0
2487,10.0
2488,10.0
2489,9.0
2490,19.0
2491,19.0
2492,10.0
2493,11.0
2494,10.0
2495,11.0
2496,19.0
2497,11.0
2498,9.0
2499,11.0
2500,10.0
2501,16.0
2502,10.0
2503,11.0
2504,11.0
2505,9.0
2506,11.0
2507,19.0
2508,19.0
2509,13.0
2510,9.0
2511,10.0
2512,10.0
2513,19.0
2514,10.0
2515,9.0
2516,10.0
2517,15.0
2518,18.0
2519,10.0
2520,16.0
2521,9.0
2522,18.0
2523,14.0
2524,16.0
2525,14.0
2526,13.0
2527,10.0
2528,15.0
2529,11.0
2530,9.0
2531,10.0
2532,10.0
2533,13.0
2534,19.0
2535,14.0
2536,15.0
2537,14.0
2538,9.0
2539,11.0
2540,13.0
2541,10.0
2542,9.0
2543,9.0
2544,14.0
2545,10.0
2546,14.0
2547,13.0
2548,9.0
2549,12.0
2550,16.0
2551,10.0
2552,10.0
2553,10.0
2554,11.0
2555,10.0
2556,10.0
2557,9.0
2558,11.0
2559,15.0
2560,11.0
2561,12.0
2562,12.0
2563,10.0
2564,15.0
2565,15.0
2566,14.0
2567,10.0
2568,15.0
2569,10.0
2570,10.0
2571,10.0
2572,11.0
2573,17.0
2574,47.0
2575,10.0
2576,11.0
2577,13.0
2578,11.0
2579,10.0
2580,10.0
2581,14.0
2582,14.0
2583,10.0
2584,13.0
2585,10.0
2586,18.0
2587,18.0
2588,11.0
2589,12.0
2590,11.0
2591,14.0
2592,17.0
2593,14.0
2594,10.0
2595,11.0
2596,9.0
2597,17.0
2598,10.0
2599,10.0
2600,15.0
2601,15.0
2602,9.0
2603,15.0
2604,16.0
2605,17.0
2606,11.0
2607,39.0
2608,12.0
2609,10.0
2610,11.0
2611,10.0
2612,11.0
2613,11.0
2614,10.0
2615,10.0
2616,17.0
2617,9.0
2618,10.0
2619,44.0
2620,15.0
2621,10.0
2622,12.0
2623,16.0
2624,16.0
2625,11.0
2626,11.0
2627,9.0
2628,11.0
2629,10.0
2630,13.0
2631,12.0
2632,11.0
2633,20.0
2634,11.0
2635,11.0
2636,9.0
2637,11.0
2638,10.0
2639,10.0
2640,9.0
2641,16.0
2642,11.0
2643,19.0
2644,9.0
2645,15.0
2646,22.0
2647,10.0
2648,11.0
2649,12.0
2650,19.0
2651,10.0
2652,16.0
2653,11.0
2654,10.0
2655,10.0
2656,11.0
2657,11.0
2658,11.0
2659,12.0
2660,13.0
2661,11.0
2662,18.0
2663,9.0
2664,9.0
2665,11.0
2666,11.0
2667,16.0
2668,20.0
2669,10.0
2670,21.0
2671,11.0
2672,9.0
2673,11.0
2674,10.0
2675,10.0
2676,12.0
2677,16.0
2678,20.0
2679,18.0
2680,11.0
2681,10.0
2682,37.0
2683,15.0
2684,14.0
2685,14.0
2686,10.0
2687,15.0
2688,36.0
2689,14.0
2690,17.0
2691,9.0
2692,16.0
2693,13.0
2694,16.0
2695,11.0
2696,44.0
2697,10.0
2698,16.0
2699,16.0
2700,36.0
2701,13.0
2702,14.0
2703,10.0
2704,21.0
2705,19.0
2706,22.0
2707,10.0
2708,10.0
2709,14.0
2710,10.0
2711,11.0
2712,11.0
2713,10.0
2714,42.0
2715,10.0
2716,37.0
2717,12.0
2718,16.0
2719,26.0
2720,11.0
2721,11.0
2722,27.0
2723,19.0
2724,12.0
2725,22.0
2726,11.0
2727,11.0
2728,12.0
2729,26.0
2730,21.0
2731,11.0
2732,25.0
2733,11.0
2734,11.0
2735,11.0
2736,11.0
2737,12.0
2738,23.0
2739,10.0
2740,10.0
2741,23.0
2742,27.0
2743,11.0
2744,22.0
2745,24.0
2746,25.0
2747,10.0
2748,10.0
2749,24.0
2750,10.0
2751,10.0
2752,11.0
2753,26.0
2754,27.0
2755,27.0
2756,22.0
2757,27.0
2758,25.0
2759,10.0
2760,28.0
2761,10.0
2762,27.0
2763,10.0
2764,12.0
2765,27.0
2766,23.0
2767,26.0
2768,24.0
2769,26.0
2770,24.0
2771,11.0
2772,23.0
2773,25.0
2774,26.0
2775,11.0
2776,10.0
2777,26.0
2778,10.0
2779,11.0
2780,23.0
2781,11.0
2782,28.0
2783,11.0
2784,26.0
2785,12.0
2786,11.0
2787,10.0
2788,27.0
2789,12.0
2790,26.0
2791,10.0
2792,12.0
2793,12.0
2794,10.0
2795,10.0
2796,10.0
2797,26.0
2798,11.0
2799,27.0
2800,11.0
2801,11.0
2802,11.0
2803,9.0
2804,10.0
2805,11.0
2806,11.0
2807,9.0
2808,10.0
2809,10.0
2810,11.0
2811,24.0
2812,13.0
2813,12.0
2814,27.0
2815,9.0
2816,10.0
2817,10.0
2818,9.0
2819,27.0
2820,9.0
2821,10.0
2822,9.0
2823,24.0
2824,27.0
2825,26.0
2826,9.0
2827,10.0
2828,27.0
2829,10.0
2830,11.0
2831,26.0
2832,11.0
2833,9.0
2834,11.0
2835,11.0
2836,11.0
2837,9.0
2838,11.0
2839,27.0
2840,11.0
2841,26.0
2842,10.0
2843,10.0
2844,10.0
2845,13.0
2846,13.0
2847,12.0
2848,9.0
2849,9.0
2850,10.0
2851,10.0
2852,10.0
2853,11.0
2854,9.0
2855,23.0
2856,11.0
2857,10.0
2858,10.0
2859,10.0
2860,12.0
2861,9.0
2862,24.0
2863,11.0
2864,10.0
2865,10.0
2866,10.0
2867,10.0
2868,11.0
2869,10.0
2870,10.0
2871,10.0
2872,12.0
2873,9.0
2874,10.0
2875,12.0
2876,9.0
2877,10.0
2878,9.0
2879,13.0
2880,23.0
2881,13.0
2882,10.0
2883,11.0
2884,12.0
2885,9.0
2886,10.0
2887,27.0
2888,11.0
2889,11.0
2890,11.0
2891,11.0
2892,9.0
2893,12.0
2894,10.0
2895,11.0
2896,27.0
2897,11.0
2898,10.0
2899,14.0
2900,27.0
2901,10.0
2902,10.0
2903,9.0
2904,10.0
2905,10.0
2906,23.0
2907,24.0
2908,10.0
2909,11.0
2910,10.0
2911,10.0
2912,27.0
2913,10.0
2914,24.0
2915,20.0
2916,25.0
2917,10.0
2918,27.0
2919,9.0
2920,10.0
2921,10.0
2922,10.0
2923,11.0
2924,10.0
2925,11.0
2926,12.0
2927,9.0
2928,27.0
2929,10.0
2930,10.0
2931,9.0
2932,10.0
2933,30.0
2934,26.0
2935,25.0
2936,25.0
2937,10.0
2938,13.0
2939,30.0
2940,10.0
2941,10.0
2942,11.0
2943,20.0
2944,9.0
2945,20.0
2946,28.0
2947,9.0
2948,10.0
2949,10.0
2950,10.0
2951,9.0
2952,10.0
2953,9.0
2954,11.0
2955,10.0
2956,11.0
2957,32.0
2958,28.0
2959,9.0
2960,27.0
2961,12.0
2962,10.0
2963,26.0
2964,12.0
2965,9.0
2966,10.0
2967,18.0
2968,10.0
2969,27.0
2970,29.0
2971,20.0
2972,10.0
2973,10.0
2974,12.0
2975,12.0
2976,29.0
2977,29.0
2978,10.0
2979,11.0
2980,10.0
2981,25.0
2982,19.0
2983,10.0
2984,17.0
2985,10.0
2986,10.0
2987,10.0
2988,27.0
2989,23.0
2990,24.0
2991,30.0
2992,10.0
2993,29.0
2994,38.0
2995,9.0
2996,29.0
2997,19.0
2998,11.0
2999,10.0
