,rewards
0,37.0
1,9.0
2,10.0
3,10.0
4,8.0
5,9.0
6,9.0
7,9.0
8,9.0
9,8.0
10,9.0
11,9.0
12,8.0
13,9.0
14,10.0
15,10.0
16,10.0
17,8.0
18,8.0
19,8.0
20,9.0
21,10.0
22,9.0
23,10.0
24,9.0
25,9.0
26,10.0
27,9.0
28,10.0
29,9.0
30,10.0
31,9.0
32,11.0
33,10.0
34,10.0
35,10.0
36,9.0
37,9.0
38,10.0
39,8.0
40,9.0
41,9.0
42,10.0
43,9.0
44,11.0
45,9.0
46,10.0
47,9.0
48,9.0
49,10.0
50,9.0
51,8.0
52,9.0
53,10.0
54,10.0
55,10.0
56,8.0
57,10.0
58,9.0
59,9.0
60,9.0
61,10.0
62,9.0
63,10.0
64,9.0
65,10.0
66,9.0
67,9.0
68,10.0
69,8.0
70,10.0
71,9.0
72,9.0
73,10.0
74,9.0
75,9.0
76,8.0
77,10.0
78,9.0
79,8.0
80,10.0
81,11.0
82,10.0
83,9.0
84,10.0
85,8.0
86,10.0
87,10.0
88,9.0
89,9.0
90,11.0
91,10.0
92,9.0
93,9.0
94,9.0
95,10.0
96,9.0
97,9.0
98,9.0
99,10.0
100,10.0
101,11.0
102,9.0
103,9.0
104,9.0
105,9.0
106,9.0
107,9.0
108,8.0
109,9.0
110,9.0
111,10.0
112,10.0
113,10.0
114,8.0
115,9.0
116,10.0
117,10.0
118,10.0
119,9.0
120,9.0
121,9.0
122,9.0
123,9.0
124,9.0
125,9.0
126,8.0
127,9.0
128,9.0
129,8.0
130,10.0
131,9.0
132,10.0
133,10.0
134,10.0
135,9.0
136,9.0
137,9.0
138,10.0
139,10.0
140,10.0
141,9.0
142,9.0
143,10.0
144,10.0
145,10.0
146,10.0
147,9.0
148,10.0
149,8.0
150,9.0
151,9.0
152,10.0
153,10.0
154,9.0
155,10.0
156,8.0
157,10.0
158,10.0
159,9.0
160,9.0
161,9.0
162,10.0
163,9.0
164,8.0
165,10.0
166,10.0
167,10.0
168,8.0
169,9.0
170,9.0
171,10.0
172,10.0
173,9.0
174,9.0
175,10.0
176,10.0
177,10.0
178,9.0
179,9.0
180,9.0
181,8.0
182,9.0
183,10.0
184,9.0
185,11.0
186,11.0
187,10.0
188,10.0
189,10.0
190,9.0
191,9.0
192,10.0
193,10.0
194,10.0
195,10.0
196,10.0
197,10.0
198,10.0
199,9.0
200,8.0
201,10.0
202,10.0
203,9.0
204,10.0
205,9.0
206,10.0
207,10.0
208,9.0
209,9.0
210,9.0
211,11.0
212,10.0
213,10.0
214,9.0
215,9.0
216,10.0
217,10.0
218,9.0
219,10.0
220,8.0
221,10.0
222,9.0
223,10.0
224,9.0
225,8.0
226,9.0
227,8.0
228,10.0
229,9.0
230,10.0
231,10.0
232,10.0
233,8.0
234,8.0
235,10.0
236,10.0
237,10.0
238,9.0
239,10.0
240,9.0
241,9.0
242,10.0
243,10.0
244,8.0
245,8.0
246,9.0
247,9.0
248,9.0
249,9.0
250,10.0
251,10.0
252,8.0
253,10.0
254,8.0
255,8.0
256,9.0
257,10.0
258,10.0
259,8.0
260,10.0
261,8.0
262,10.0
263,9.0
264,10.0
265,10.0
266,9.0
267,10.0
268,10.0
269,9.0
270,10.0
271,9.0
272,9.0
273,10.0
274,10.0
275,10.0
276,9.0
277,9.0
278,9.0
279,8.0
280,10.0
281,9.0
282,10.0
283,8.0
284,10.0
285,10.0
286,9.0
287,9.0
288,10.0
289,9.0
290,9.0
291,10.0
292,11.0
293,9.0
294,9.0
295,9.0
296,8.0
297,9.0
298,10.0
299,10.0
300,9.0
301,8.0
302,10.0
303,9.0
304,8.0
305,10.0
306,10.0
307,9.0
308,10.0
309,9.0
310,10.0
311,9.0
312,9.0
313,9.0
314,10.0
315,9.0
316,9.0
317,10.0
318,9.0
319,9.0
320,9.0
321,8.0
322,11.0
323,9.0
324,10.0
325,11.0
326,9.0
327,9.0
328,10.0
329,10.0
330,10.0
331,10.0
332,8.0
333,10.0
334,9.0
335,10.0
336,10.0
337,9.0
338,10.0
339,10.0
340,8.0
341,9.0
342,9.0
343,10.0
344,8.0
345,10.0
346,9.0
347,10.0
348,10.0
349,10.0
350,10.0
351,10.0
352,9.0
353,9.0
354,9.0
355,9.0
356,9.0
357,10.0
358,9.0
359,10.0
360,9.0
361,10.0
362,8.0
363,10.0
364,10.0
365,9.0
366,8.0
367,9.0
368,9.0
369,8.0
370,10.0
371,9.0
372,10.0
373,9.0
374,9.0
375,8.0
376,10.0
377,10.0
378,10.0
379,10.0
380,9.0
381,10.0
382,10.0
383,10.0
384,9.0
385,10.0
386,10.0
387,10.0
388,9.0
389,10.0
390,10.0
391,10.0
392,10.0
393,9.0
394,9.0
395,9.0
396,10.0
397,9.0
398,9.0
399,8.0
400,9.0
401,9.0
402,9.0
403,8.0
404,10.0
405,8.0
406,9.0
407,9.0
408,10.0
409,9.0
410,8.0
411,9.0
412,10.0
413,8.0
414,9.0
415,10.0
416,10.0
417,9.0
418,10.0
419,9.0
420,9.0
421,10.0
422,8.0
423,10.0
424,10.0
425,9.0
426,9.0
427,8.0
428,10.0
429,10.0
430,9.0
431,10.0
432,9.0
433,9.0
434,11.0
435,9.0
436,10.0
437,9.0
438,10.0
439,10.0
440,10.0
441,8.0
442,10.0
443,9.0
444,8.0
445,10.0
446,10.0
447,10.0
448,9.0
449,9.0
450,10.0
451,9.0
452,10.0
453,9.0
454,11.0
455,10.0
456,10.0
457,9.0
458,10.0
459,9.0
460,9.0
461,10.0
462,11.0
463,8.0
464,10.0
465,9.0
466,10.0
467,11.0
468,8.0
469,9.0
470,10.0
471,9.0
472,9.0
473,8.0
474,9.0
475,10.0
476,9.0
477,10.0
478,9.0
479,9.0
480,9.0
481,9.0
482,10.0
483,9.0
484,9.0
485,9.0
486,10.0
487,9.0
488,10.0
489,8.0
490,10.0
491,10.0
492,8.0
493,8.0
494,10.0
495,10.0
496,10.0
497,8.0
498,8.0
499,9.0
500,11.0
501,8.0
502,9.0
503,9.0
504,10.0
505,9.0
506,10.0
507,9.0
508,9.0
509,9.0
510,10.0
511,10.0
512,9.0
513,10.0
514,10.0
515,10.0
516,10.0
517,8.0
518,9.0
519,10.0
520,9.0
521,11.0
522,9.0
523,9.0
524,10.0
525,10.0
526,8.0
527,8.0
528,9.0
529,8.0
530,9.0
531,10.0
532,9.0
533,9.0
534,10.0
535,9.0
536,10.0
537,9.0
538,9.0
539,9.0
540,9.0
541,10.0
542,10.0
543,9.0
544,9.0
545,8.0
546,9.0
547,10.0
548,9.0
549,10.0
550,9.0
551,9.0
552,11.0
553,9.0
554,10.0
555,8.0
556,10.0
557,11.0
558,9.0
559,9.0
560,11.0
561,9.0
562,10.0
563,10.0
564,9.0
565,9.0
566,9.0
567,10.0
568,8.0
569,8.0
570,10.0
571,9.0
572,9.0
573,9.0
574,10.0
575,8.0
576,9.0
577,8.0
578,8.0
579,9.0
580,10.0
581,9.0
582,10.0
583,10.0
584,11.0
585,8.0
586,10.0
587,9.0
588,10.0
589,10.0
590,9.0
591,9.0
592,10.0
593,10.0
594,9.0
595,9.0
596,10.0
597,10.0
598,8.0
599,8.0
600,10.0
601,8.0
602,9.0
603,9.0
604,9.0
605,10.0
606,8.0
607,10.0
608,10.0
609,9.0
610,9.0
611,9.0
612,10.0
613,9.0
614,10.0
615,9.0
616,9.0
617,10.0
618,9.0
619,9.0
620,9.0
621,9.0
622,9.0
623,10.0
624,9.0
625,10.0
626,9.0
627,10.0
628,9.0
629,10.0
630,8.0
631,11.0
632,9.0
633,9.0
634,9.0
635,10.0
636,8.0
637,9.0
638,9.0
639,10.0
640,8.0
641,10.0
642,9.0
643,10.0
644,10.0
645,10.0
646,11.0
647,10.0
648,9.0
649,9.0
650,10.0
651,10.0
652,11.0
653,10.0
654,10.0
655,10.0
656,10.0
657,9.0
658,10.0
659,10.0
660,10.0
661,11.0
662,9.0
663,10.0
664,9.0
665,9.0
666,10.0
667,10.0
668,10.0
669,9.0
670,8.0
671,9.0
672,10.0
673,8.0
674,10.0
675,10.0
676,9.0
677,8.0
678,8.0
679,10.0
680,10.0
681,10.0
682,9.0
683,8.0
684,10.0
685,9.0
686,9.0
687,10.0
688,9.0
689,9.0
690,11.0
691,9.0
692,8.0
693,9.0
694,10.0
695,9.0
696,10.0
697,10.0
698,9.0
699,10.0
700,8.0
701,9.0
702,11.0
703,9.0
704,9.0
705,10.0
706,9.0
707,10.0
708,10.0
709,11.0
710,10.0
711,11.0
712,10.0
713,9.0
714,9.0
715,10.0
716,9.0
717,10.0
718,9.0
719,9.0
720,10.0
721,10.0
722,8.0
723,8.0
724,10.0
725,9.0
726,9.0
727,9.0
728,9.0
729,9.0
730,9.0
731,10.0
732,9.0
733,9.0
734,8.0
735,9.0
736,8.0
737,8.0
738,10.0
739,10.0
740,9.0
741,10.0
742,8.0
743,9.0
744,11.0
745,9.0
746,10.0
747,10.0
748,9.0
749,9.0
750,9.0
751,9.0
752,8.0
753,10.0
754,10.0
755,10.0
756,9.0
757,9.0
758,9.0
759,9.0
760,10.0
761,9.0
762,10.0
763,10.0
764,9.0
765,10.0
766,8.0
767,9.0
768,10.0
769,10.0
770,9.0
771,10.0
772,10.0
773,9.0
774,10.0
775,8.0
776,9.0
777,9.0
778,9.0
779,9.0
780,10.0
781,9.0
782,10.0
783,9.0
784,10.0
785,10.0
786,10.0
787,10.0
788,8.0
789,11.0
790,10.0
791,10.0
792,9.0
793,9.0
794,9.0
795,9.0
796,8.0
797,9.0
798,9.0
799,9.0
800,8.0
801,10.0
802,8.0
803,9.0
804,10.0
805,10.0
806,10.0
807,9.0
808,8.0
809,9.0
810,8.0
811,9.0
812,10.0
813,10.0
814,10.0
815,10.0
816,9.0
817,9.0
818,10.0
819,10.0
820,8.0
821,9.0
822,8.0
823,9.0
824,9.0
825,11.0
826,10.0
827,10.0
828,10.0
829,10.0
830,9.0
831,8.0
832,9.0
833,8.0
834,9.0
835,10.0
836,9.0
837,10.0
838,10.0
839,8.0
840,9.0
841,9.0
842,8.0
843,8.0
844,10.0
845,9.0
846,8.0
847,9.0
848,10.0
849,10.0
850,9.0
851,8.0
852,9.0
853,8.0
854,10.0
855,10.0
856,10.0
857,9.0
858,9.0
859,9.0
860,11.0
861,9.0
862,11.0
863,8.0
864,10.0
865,8.0
866,8.0
867,10.0
868,10.0
869,10.0
870,10.0
871,9.0
872,9.0
873,10.0
874,9.0
875,9.0
876,11.0
877,10.0
878,9.0
879,9.0
880,10.0
881,9.0
882,9.0
883,10.0
884,9.0
885,9.0
886,9.0
887,10.0
888,9.0
889,9.0
890,9.0
891,9.0
892,9.0
893,10.0
894,10.0
895,8.0
896,9.0
897,10.0
898,10.0
899,9.0
900,9.0
901,9.0
902,8.0
903,8.0
904,10.0
905,10.0
906,10.0
907,9.0
908,8.0
909,10.0
910,10.0
911,9.0
912,9.0
913,8.0
914,10.0
915,9.0
916,8.0
917,9.0
918,9.0
919,8.0
920,10.0
921,9.0
922,10.0
923,9.0
924,10.0
925,10.0
926,11.0
927,9.0
928,9.0
929,10.0
930,10.0
931,10.0
932,8.0
933,9.0
934,10.0
935,10.0
936,9.0
937,10.0
938,10.0
939,11.0
940,9.0
941,10.0
942,8.0
943,9.0
944,9.0
945,9.0
946,9.0
947,9.0
948,9.0
949,10.0
950,10.0
951,8.0
952,8.0
953,9.0
954,8.0
955,9.0
956,9.0
957,9.0
958,8.0
959,9.0
960,10.0
961,9.0
962,9.0
963,9.0
964,10.0
965,8.0
966,10.0
967,9.0
968,10.0
969,9.0
970,10.0
971,10.0
972,10.0
973,10.0
974,8.0
975,9.0
976,9.0
977,10.0
978,9.0
979,9.0
980,9.0
981,8.0
982,9.0
983,9.0
984,8.0
985,10.0
986,10.0
987,9.0
988,8.0
989,10.0
990,10.0
991,10.0
992,10.0
993,10.0
994,8.0
995,10.0
996,10.0
997,9.0
998,10.0
999,9.0
1000,9.0
1001,9.0
1002,9.0
1003,10.0
1004,10.0
1005,10.0
1006,10.0
1007,10.0
1008,9.0
1009,9.0
1010,10.0
1011,9.0
1012,10.0
1013,10.0
1014,8.0
1015,10.0
1016,10.0
1017,10.0
1018,10.0
1019,9.0
1020,9.0
1021,10.0
1022,8.0
1023,9.0
1024,9.0
1025,9.0
1026,10.0
1027,9.0
1028,9.0
1029,10.0
1030,9.0
1031,9.0
1032,10.0
1033,9.0
1034,9.0
1035,9.0
1036,8.0
1037,11.0
1038,10.0
1039,8.0
1040,8.0
1041,8.0
1042,9.0
1043,10.0
1044,8.0
1045,9.0
1046,9.0
1047,9.0
1048,10.0
1049,10.0
1050,10.0
1051,9.0
1052,9.0
1053,10.0
1054,8.0
1055,9.0
1056,10.0
1057,8.0
1058,9.0
1059,10.0
1060,9.0
1061,8.0
1062,10.0
1063,10.0
1064,10.0
1065,9.0
1066,10.0
1067,9.0
1068,9.0
1069,9.0
1070,9.0
1071,10.0
1072,9.0
1073,9.0
1074,10.0
1075,10.0
1076,10.0
1077,10.0
1078,9.0
1079,9.0
1080,10.0
1081,9.0
1082,9.0
1083,10.0
1084,9.0
1085,9.0
1086,9.0
1087,8.0
1088,9.0
1089,10.0
1090,9.0
1091,10.0
1092,9.0
1093,9.0
1094,10.0
1095,10.0
1096,9.0
1097,10.0
1098,8.0
1099,8.0
1100,10.0
1101,10.0
1102,9.0
1103,9.0
1104,9.0
1105,9.0
1106,9.0
1107,9.0
1108,9.0
1109,8.0
1110,9.0
1111,8.0
1112,9.0
1113,10.0
1114,10.0
1115,9.0
1116,9.0
1117,9.0
1118,8.0
1119,10.0
1120,9.0
1121,10.0
1122,8.0
1123,10.0
1124,10.0
1125,9.0
1126,9.0
1127,10.0
1128,9.0
1129,10.0
1130,10.0
1131,9.0
1132,9.0
1133,9.0
1134,8.0
1135,10.0
1136,8.0
1137,10.0
1138,8.0
1139,9.0
1140,9.0
1141,10.0
1142,10.0
1143,10.0
1144,8.0
1145,10.0
1146,10.0
1147,8.0
1148,9.0
1149,8.0
1150,10.0
1151,9.0
1152,10.0
1153,8.0
1154,9.0
1155,9.0
1156,9.0
1157,9.0
1158,10.0
1159,9.0
1160,9.0
1161,8.0
1162,10.0
1163,9.0
1164,8.0
1165,9.0
1166,9.0
1167,8.0
1168,10.0
1169,10.0
1170,10.0
1171,10.0
1172,9.0
1173,10.0
1174,10.0
1175,9.0
1176,10.0
1177,9.0
1178,10.0
1179,9.0
1180,8.0
1181,8.0
1182,10.0
1183,9.0
1184,8.0
1185,9.0
1186,8.0
1187,8.0
1188,9.0
1189,9.0
1190,9.0
1191,9.0
1192,10.0
1193,9.0
1194,9.0
1195,8.0
1196,9.0
1197,8.0
1198,10.0
1199,9.0
1200,9.0
1201,10.0
1202,10.0
1203,9.0
1204,9.0
1205,9.0
1206,10.0
1207,10.0
1208,10.0
1209,9.0
1210,10.0
1211,10.0
1212,9.0
1213,9.0
1214,9.0
1215,10.0
1216,9.0
1217,8.0
1218,10.0
1219,9.0
1220,10.0
1221,9.0
1222,8.0
1223,10.0
1224,10.0
1225,9.0
1226,9.0
1227,9.0
1228,10.0
1229,10.0
1230,9.0
1231,8.0
1232,9.0
1233,9.0
1234,9.0
1235,10.0
1236,10.0
1237,9.0
1238,10.0
1239,9.0
1240,10.0
1241,9.0
1242,9.0
1243,9.0
1244,9.0
1245,10.0
1246,9.0
1247,8.0
1248,9.0
1249,9.0
1250,10.0
1251,11.0
1252,9.0
1253,9.0
1254,10.0
1255,9.0
1256,8.0
1257,10.0
1258,9.0
1259,9.0
1260,9.0
1261,8.0
1262,9.0
1263,10.0
1264,10.0
1265,10.0
1266,10.0
1267,9.0
1268,10.0
1269,10.0
1270,10.0
1271,10.0
1272,8.0
1273,10.0
1274,10.0
1275,10.0
1276,10.0
1277,9.0
1278,9.0
1279,10.0
1280,10.0
1281,10.0
1282,9.0
1283,9.0
1284,9.0
1285,10.0
1286,10.0
1287,10.0
1288,10.0
1289,10.0
1290,11.0
1291,10.0
1292,10.0
1293,10.0
1294,9.0
1295,10.0
1296,9.0
1297,10.0
1298,9.0
1299,9.0
1300,9.0
1301,9.0
1302,10.0
1303,9.0
1304,8.0
1305,9.0
1306,10.0
1307,9.0
1308,9.0
1309,8.0
1310,10.0
1311,8.0
1312,10.0
1313,10.0
1314,8.0
1315,8.0
1316,9.0
1317,8.0
1318,10.0
1319,10.0
1320,10.0
1321,10.0
1322,9.0
1323,9.0
1324,8.0
1325,10.0
1326,8.0
1327,10.0
1328,10.0
1329,9.0
1330,8.0
1331,10.0
1332,10.0
1333,10.0
1334,9.0
1335,8.0
1336,8.0
1337,9.0
1338,8.0
1339,10.0
1340,9.0
1341,9.0
1342,10.0
1343,8.0
1344,11.0
1345,10.0
1346,10.0
1347,10.0
1348,10.0
1349,10.0
1350,10.0
1351,9.0
1352,8.0
1353,10.0
1354,10.0
1355,10.0
1356,9.0
1357,10.0
1358,10.0
1359,10.0
1360,8.0
1361,9.0
1362,8.0
1363,9.0
1364,10.0
1365,10.0
1366,9.0
1367,10.0
1368,10.0
1369,9.0
1370,10.0
1371,9.0
1372,10.0
1373,8.0
1374,9.0
1375,10.0
1376,10.0
1377,10.0
1378,10.0
1379,10.0
1380,10.0
1381,10.0
1382,9.0
1383,10.0
1384,9.0
1385,10.0
1386,10.0
1387,9.0
1388,9.0
1389,10.0
1390,10.0
1391,9.0
1392,10.0
1393,10.0
1394,9.0
1395,8.0
1396,10.0
1397,10.0
1398,9.0
1399,9.0
1400,10.0
1401,10.0
1402,9.0
1403,9.0
1404,10.0
1405,10.0
1406,9.0
1407,10.0
1408,10.0
1409,10.0
1410,9.0
1411,9.0
1412,10.0
1413,9.0
1414,9.0
1415,10.0
1416,9.0
1417,9.0
1418,9.0
1419,9.0
1420,8.0
1421,10.0
1422,8.0
1423,9.0
1424,9.0
1425,9.0
1426,8.0
1427,9.0
1428,9.0
1429,9.0
1430,9.0
1431,10.0
1432,10.0
1433,10.0
1434,10.0
1435,10.0
1436,9.0
1437,9.0
1438,10.0
1439,9.0
1440,8.0
1441,10.0
1442,10.0
1443,9.0
1444,10.0
1445,10.0
1446,9.0
1447,11.0
1448,10.0
1449,10.0
1450,9.0
1451,8.0
1452,10.0
1453,10.0
1454,8.0
1455,10.0
1456,9.0
1457,10.0
1458,11.0
1459,8.0
1460,9.0
1461,8.0
1462,9.0
1463,8.0
1464,8.0
1465,8.0
1466,10.0
1467,10.0
1468,11.0
1469,9.0
1470,9.0
1471,10.0
1472,8.0
1473,9.0
1474,10.0
1475,8.0
1476,10.0
1477,9.0
1478,10.0
1479,10.0
1480,9.0
1481,8.0
1482,10.0
1483,10.0
1484,8.0
1485,9.0
1486,10.0
1487,9.0
1488,9.0
1489,9.0
1490,9.0
1491,10.0
1492,9.0
1493,9.0
1494,10.0
1495,10.0
1496,9.0
1497,9.0
1498,9.0
1499,9.0
1500,10.0
1501,8.0
1502,9.0
1503,9.0
1504,9.0
1505,10.0
1506,10.0
1507,9.0
1508,9.0
1509,10.0
1510,10.0
1511,8.0
1512,9.0
1513,9.0
1514,9.0
1515,10.0
1516,9.0
1517,9.0
1518,9.0
1519,10.0
1520,10.0
1521,10.0
1522,8.0
1523,11.0
1524,8.0
1525,10.0
1526,8.0
1527,10.0
1528,10.0
1529,10.0
1530,10.0
1531,9.0
1532,8.0
1533,9.0
1534,9.0
1535,11.0
1536,10.0
1537,10.0
1538,10.0
1539,9.0
1540,9.0
1541,9.0
1542,9.0
1543,9.0
1544,11.0
1545,8.0
1546,9.0
1547,8.0
1548,9.0
1549,9.0
1550,9.0
1551,9.0
1552,10.0
1553,11.0
1554,9.0
1555,11.0
1556,10.0
1557,9.0
1558,9.0
1559,10.0
1560,10.0
1561,9.0
1562,9.0
1563,9.0
1564,10.0
1565,10.0
1566,11.0
1567,10.0
1568,10.0
1569,8.0
1570,9.0
1571,10.0
1572,9.0
1573,9.0
1574,9.0
1575,8.0
1576,8.0
1577,10.0
1578,8.0
1579,9.0
1580,10.0
1581,9.0
1582,8.0
1583,10.0
1584,10.0
1585,8.0
1586,10.0
1587,10.0
1588,11.0
1589,8.0
1590,9.0
1591,8.0
1592,9.0
1593,11.0
1594,9.0
1595,10.0
1596,9.0
1597,10.0
1598,10.0
1599,8.0
1600,10.0
1601,9.0
1602,10.0
1603,10.0
1604,10.0
1605,9.0
1606,11.0
1607,10.0
1608,9.0
1609,9.0
1610,10.0
1611,9.0
1612,8.0
1613,10.0
1614,9.0
1615,10.0
1616,8.0
1617,9.0
1618,9.0
1619,10.0
1620,9.0
1621,8.0
1622,9.0
1623,9.0
1624,9.0
1625,10.0
1626,9.0
1627,9.0
1628,8.0
1629,10.0
1630,10.0
1631,10.0
1632,9.0
1633,9.0
1634,10.0
1635,9.0
1636,8.0
1637,10.0
1638,10.0
1639,10.0
1640,11.0
1641,8.0
1642,9.0
1643,8.0
1644,8.0
1645,10.0
1646,8.0
1647,10.0
1648,10.0
1649,11.0
1650,8.0
1651,8.0
1652,9.0
1653,10.0
1654,10.0
1655,10.0
1656,9.0
1657,9.0
1658,9.0
1659,10.0
1660,10.0
1661,10.0
1662,10.0
1663,10.0
1664,9.0
1665,9.0
1666,9.0
1667,10.0
1668,10.0
1669,11.0
1670,9.0
1671,10.0
1672,10.0
1673,10.0
1674,10.0
1675,8.0
1676,8.0
1677,10.0
1678,9.0
1679,8.0
1680,8.0
1681,9.0
1682,10.0
1683,9.0
1684,10.0
1685,9.0
1686,10.0
1687,10.0
1688,8.0
1689,10.0
1690,9.0
1691,8.0
1692,10.0
1693,11.0
1694,8.0
1695,9.0
1696,9.0
1697,10.0
1698,10.0
1699,10.0
1700,8.0
1701,9.0
1702,9.0
1703,10.0
1704,9.0
1705,9.0
1706,10.0
1707,10.0
1708,9.0
1709,9.0
1710,8.0
1711,8.0
1712,8.0
1713,10.0
1714,10.0
1715,10.0
1716,9.0
1717,9.0
1718,9.0
1719,10.0
1720,8.0
1721,9.0
1722,9.0
1723,8.0
1724,8.0
1725,9.0
1726,10.0
1727,10.0
1728,10.0
1729,10.0
1730,9.0
1731,11.0
1732,10.0
1733,10.0
1734,11.0
1735,10.0
1736,9.0
1737,10.0
1738,8.0
1739,10.0
1740,10.0
1741,9.0
1742,9.0
1743,9.0
1744,8.0
1745,10.0
1746,9.0
1747,9.0
1748,9.0
1749,9.0
1750,10.0
1751,10.0
1752,9.0
1753,9.0
1754,9.0
1755,9.0
1756,8.0
1757,9.0
1758,10.0
1759,10.0
1760,8.0
1761,8.0
1762,10.0
1763,9.0
1764,9.0
1765,8.0
1766,9.0
1767,10.0
1768,8.0
1769,8.0
1770,8.0
1771,10.0
1772,9.0
1773,10.0
1774,9.0
1775,9.0
1776,8.0
1777,10.0
1778,10.0
1779,8.0
1780,9.0
1781,9.0
1782,9.0
1783,10.0
1784,10.0
1785,9.0
1786,10.0
1787,10.0
1788,11.0
1789,10.0
1790,10.0
1791,9.0
1792,10.0
1793,9.0
1794,10.0
1795,9.0
1796,10.0
1797,9.0
1798,8.0
1799,9.0
1800,9.0
1801,9.0
1802,10.0
1803,9.0
1804,9.0
1805,8.0
1806,9.0
1807,9.0
1808,9.0
1809,9.0
1810,10.0
1811,9.0
1812,11.0
1813,10.0
1814,10.0
1815,9.0
1816,10.0
1817,9.0
1818,9.0
1819,10.0
1820,10.0
1821,9.0
1822,9.0
1823,9.0
1824,9.0
1825,10.0
1826,9.0
1827,8.0
1828,8.0
1829,10.0
1830,10.0
1831,10.0
1832,9.0
1833,9.0
1834,9.0
1835,9.0
1836,9.0
1837,10.0
1838,9.0
1839,10.0
1840,9.0
1841,9.0
1842,9.0
1843,9.0
1844,8.0
1845,11.0
1846,10.0
1847,10.0
1848,9.0
1849,9.0
1850,10.0
1851,10.0
1852,8.0
1853,10.0
1854,10.0
1855,8.0
1856,8.0
1857,10.0
1858,8.0
1859,10.0
1860,9.0
1861,10.0
1862,8.0
1863,9.0
1864,11.0
1865,10.0
1866,10.0
1867,10.0
1868,9.0
1869,9.0
1870,9.0
1871,9.0
1872,9.0
1873,10.0
1874,9.0
1875,10.0
1876,9.0
1877,9.0
1878,10.0
1879,8.0
1880,10.0
1881,10.0
1882,10.0
1883,8.0
1884,9.0
1885,9.0
1886,10.0
1887,10.0
1888,9.0
1889,10.0
1890,9.0
1891,10.0
1892,8.0
1893,11.0
1894,10.0
1895,10.0
1896,10.0
1897,10.0
1898,10.0
1899,9.0
1900,10.0
1901,8.0
1902,10.0
1903,9.0
1904,9.0
1905,10.0
1906,10.0
1907,10.0
1908,9.0
1909,9.0
1910,9.0
1911,8.0
1912,9.0
1913,8.0
1914,10.0
1915,10.0
1916,9.0
1917,10.0
1918,10.0
1919,9.0
1920,10.0
1921,9.0
1922,10.0
1923,10.0
1924,9.0
1925,8.0
1926,9.0
1927,9.0
1928,9.0
1929,9.0
1930,9.0
1931,10.0
1932,9.0
1933,10.0
1934,9.0
1935,9.0
1936,10.0
1937,9.0
1938,9.0
1939,9.0
1940,8.0
1941,11.0
1942,10.0
1943,8.0
1944,10.0
1945,9.0
1946,10.0
1947,10.0
1948,8.0
1949,10.0
1950,9.0
1951,9.0
1952,9.0
1953,11.0
1954,9.0
1955,8.0
1956,10.0
1957,9.0
1958,8.0
1959,10.0
1960,10.0
1961,9.0
1962,10.0
1963,10.0
1964,10.0
1965,9.0
1966,10.0
1967,9.0
1968,10.0
1969,9.0
1970,9.0
1971,11.0
1972,8.0
1973,9.0
1974,8.0
1975,10.0
1976,10.0
1977,9.0
1978,8.0
1979,9.0
1980,9.0
1981,10.0
1982,9.0
1983,9.0
1984,10.0
1985,10.0
1986,8.0
1987,9.0
1988,9.0
1989,9.0
1990,9.0
1991,10.0
1992,10.0
1993,9.0
1994,10.0
1995,10.0
1996,10.0
1997,9.0
1998,10.0
1999,8.0
2000,9.0
2001,8.0
2002,9.0
2003,10.0
2004,9.0
2005,9.0
2006,9.0
2007,10.0
2008,8.0
2009,9.0
2010,10.0
2011,9.0
2012,9.0
2013,10.0
2014,10.0
2015,8.0
2016,10.0
2017,10.0
2018,9.0
2019,10.0
2020,10.0
2021,9.0
2022,10.0
2023,9.0
2024,8.0
2025,9.0
2026,9.0
2027,9.0
2028,9.0
2029,10.0
2030,10.0
2031,8.0
2032,10.0
2033,9.0
2034,9.0
2035,8.0
2036,10.0
2037,11.0
2038,9.0
2039,11.0
2040,9.0
2041,10.0
2042,9.0
2043,10.0
2044,9.0
2045,10.0
2046,10.0
2047,10.0
2048,10.0
2049,10.0
2050,9.0
2051,8.0
2052,8.0
2053,10.0
2054,9.0
2055,8.0
2056,9.0
2057,8.0
2058,11.0
2059,9.0
2060,8.0
2061,10.0
2062,11.0
2063,9.0
2064,10.0
2065,10.0
2066,9.0
2067,9.0
2068,8.0
2069,10.0
2070,9.0
2071,10.0
2072,8.0
2073,8.0
2074,8.0
2075,10.0
2076,10.0
2077,9.0
2078,8.0
2079,8.0
2080,9.0
2081,10.0
2082,10.0
2083,9.0
2084,9.0
2085,9.0
2086,9.0
2087,9.0
2088,10.0
2089,9.0
2090,9.0
2091,10.0
2092,8.0
2093,10.0
2094,9.0
2095,9.0
2096,8.0
2097,9.0
2098,9.0
2099,8.0
2100,10.0
2101,9.0
2102,10.0
2103,9.0
2104,9.0
2105,9.0
2106,9.0
2107,10.0
2108,9.0
2109,10.0
2110,10.0
2111,10.0
2112,10.0
2113,10.0
2114,9.0
2115,8.0
2116,9.0
2117,9.0
2118,9.0
2119,9.0
2120,9.0
2121,10.0
2122,9.0
2123,8.0
2124,9.0
2125,9.0
2126,10.0
2127,10.0
2128,9.0
2129,10.0
2130,9.0
2131,9.0
2132,10.0
2133,9.0
2134,9.0
2135,10.0
2136,10.0
2137,8.0
2138,9.0
2139,9.0
2140,10.0
2141,10.0
2142,9.0
2143,10.0
2144,10.0
2145,9.0
2146,9.0
2147,10.0
2148,9.0
2149,10.0
2150,10.0
2151,9.0
2152,8.0
2153,10.0
2154,10.0
2155,9.0
2156,10.0
2157,10.0
2158,9.0
2159,9.0
2160,10.0
2161,9.0
2162,10.0
2163,9.0
2164,10.0
2165,10.0
2166,9.0
2167,8.0
2168,10.0
2169,9.0
2170,9.0
2171,10.0
2172,10.0
2173,10.0
2174,10.0
2175,9.0
2176,10.0
2177,9.0
2178,8.0
2179,9.0
2180,10.0
2181,10.0
2182,10.0
2183,9.0
2184,8.0
2185,9.0
2186,10.0
2187,10.0
2188,8.0
2189,8.0
2190,8.0
2191,9.0
2192,9.0
2193,10.0
2194,10.0
2195,9.0
2196,8.0
2197,10.0
2198,10.0
2199,11.0
2200,8.0
2201,8.0
2202,9.0
2203,9.0
2204,9.0
2205,10.0
2206,10.0
2207,9.0
2208,9.0
2209,9.0
2210,10.0
2211,9.0
2212,10.0
2213,10.0
2214,8.0
2215,9.0
2216,9.0
2217,10.0
2218,10.0
2219,10.0
2220,9.0
2221,10.0
2222,9.0
2223,9.0
2224,9.0
2225,9.0
2226,10.0
2227,8.0
2228,9.0
2229,9.0
2230,9.0
2231,10.0
2232,10.0
2233,10.0
2234,10.0
2235,10.0
2236,9.0
2237,9.0
2238,10.0
2239,9.0
2240,9.0
2241,10.0
2242,10.0
2243,9.0
2244,10.0
2245,10.0
2246,9.0
2247,10.0
2248,10.0
2249,9.0
2250,10.0
2251,10.0
2252,8.0
2253,11.0
2254,11.0
2255,9.0
2256,9.0
2257,10.0
2258,8.0
2259,9.0
2260,10.0
2261,9.0
2262,10.0
2263,9.0
2264,10.0
2265,8.0
2266,10.0
2267,10.0
2268,9.0
2269,9.0
2270,10.0
2271,10.0
2272,10.0
2273,11.0
2274,9.0
2275,9.0
2276,10.0
2277,8.0
2278,8.0
2279,10.0
2280,9.0
2281,10.0
2282,9.0
2283,9.0
2284,10.0
2285,10.0
2286,9.0
2287,8.0
2288,10.0
2289,9.0
2290,10.0
2291,9.0
2292,10.0
2293,10.0
2294,9.0
2295,9.0
2296,9.0
2297,10.0
2298,10.0
2299,10.0
2300,9.0
2301,9.0
2302,10.0
2303,10.0
2304,9.0
2305,10.0
2306,9.0
2307,10.0
2308,10.0
2309,10.0
2310,9.0
2311,9.0
2312,9.0
2313,10.0
2314,10.0
2315,9.0
2316,9.0
2317,11.0
2318,8.0
2319,9.0
2320,10.0
2321,9.0
2322,9.0
2323,9.0
2324,10.0
2325,9.0
2326,10.0
2327,10.0
2328,9.0
2329,9.0
2330,10.0
2331,10.0
2332,9.0
2333,10.0
2334,9.0
2335,10.0
2336,9.0
2337,10.0
2338,9.0
2339,8.0
2340,9.0
2341,8.0
2342,9.0
2343,11.0
2344,9.0
2345,10.0
2346,10.0
2347,10.0
2348,9.0
2349,10.0
2350,10.0
2351,10.0
2352,9.0
2353,10.0
2354,8.0
2355,9.0
2356,9.0
2357,9.0
2358,10.0
2359,9.0
2360,9.0
2361,9.0
2362,9.0
2363,10.0
2364,10.0
2365,8.0
2366,9.0
2367,10.0
2368,10.0
2369,9.0
2370,8.0
2371,9.0
2372,9.0
2373,9.0
2374,10.0
2375,8.0
2376,10.0
2377,10.0
2378,9.0
2379,10.0
2380,11.0
2381,10.0
2382,9.0
2383,11.0
2384,9.0
2385,9.0
2386,9.0
2387,9.0
2388,9.0
2389,11.0
2390,10.0
2391,8.0
2392,10.0
2393,9.0
2394,10.0
2395,10.0
2396,9.0
2397,10.0
2398,10.0
2399,10.0
2400,9.0
2401,8.0
2402,10.0
2403,9.0
2404,9.0
2405,8.0
2406,9.0
2407,9.0
2408,10.0
2409,10.0
2410,9.0
2411,9.0
2412,10.0
2413,9.0
2414,8.0
2415,10.0
2416,10.0
2417,10.0
2418,9.0
2419,8.0
2420,10.0
2421,10.0
2422,9.0
2423,9.0
2424,10.0
2425,9.0
2426,10.0
2427,11.0
2428,10.0
2429,10.0
2430,10.0
2431,10.0
2432,9.0
2433,9.0
2434,9.0
2435,9.0
2436,8.0
2437,11.0
2438,9.0
2439,9.0
2440,10.0
2441,9.0
2442,8.0
2443,10.0
2444,10.0
2445,9.0
2446,11.0
2447,10.0
2448,9.0
2449,9.0
2450,10.0
2451,8.0
2452,9.0
2453,10.0
2454,10.0
2455,9.0
2456,9.0
2457,10.0
2458,8.0
2459,10.0
2460,10.0
2461,8.0
2462,11.0
2463,9.0
2464,10.0
2465,10.0
2466,10.0
2467,9.0
2468,9.0
2469,9.0
2470,10.0
2471,9.0
2472,9.0
2473,11.0
2474,10.0
2475,10.0
2476,9.0
2477,9.0
2478,10.0
2479,10.0
2480,8.0
2481,11.0
2482,10.0
2483,9.0
2484,9.0
2485,10.0
2486,10.0
2487,9.0
2488,10.0
2489,9.0
2490,9.0
2491,8.0
2492,9.0
2493,9.0
2494,9.0
2495,10.0
2496,10.0
2497,9.0
2498,10.0
2499,11.0
2500,8.0
2501,10.0
2502,10.0
2503,10.0
2504,9.0
2505,10.0
2506,10.0
2507,10.0
2508,10.0
2509,9.0
2510,10.0
2511,8.0
2512,10.0
2513,10.0
2514,11.0
2515,8.0
2516,11.0
2517,9.0
2518,9.0
2519,8.0
2520,9.0
2521,10.0
2522,9.0
2523,9.0
2524,10.0
2525,10.0
2526,11.0
2527,9.0
2528,8.0
2529,9.0
2530,9.0
2531,9.0
2532,12.0
2533,11.0
2534,9.0
2535,10.0
2536,9.0
2537,9.0
2538,10.0
2539,14.0
2540,9.0
2541,10.0
2542,10.0
2543,11.0
2544,8.0
2545,10.0
2546,9.0
2547,12.0
2548,9.0
2549,10.0
2550,10.0
2551,9.0
2552,9.0
2553,10.0
2554,9.0
2555,9.0
2556,10.0
2557,10.0
2558,9.0
2559,9.0
2560,10.0
2561,10.0
2562,9.0
2563,11.0
2564,10.0
2565,10.0
2566,10.0
2567,11.0
2568,9.0
2569,9.0
2570,8.0
2571,10.0
2572,8.0
2573,10.0
2574,9.0
2575,9.0
2576,11.0
2577,9.0
2578,10.0
2579,10.0
2580,18.0
2581,10.0
2582,8.0
2583,9.0
2584,10.0
2585,10.0
2586,9.0
2587,9.0
2588,8.0
2589,8.0
2590,10.0
2591,10.0
2592,10.0
2593,10.0
2594,8.0
2595,9.0
2596,9.0
2597,9.0
2598,9.0
2599,10.0
2600,9.0
2601,9.0
2602,8.0
2603,9.0
2604,10.0
2605,10.0
2606,9.0
2607,10.0
2608,9.0
2609,10.0
2610,10.0
2611,10.0
2612,9.0
2613,8.0
2614,9.0
2615,10.0
2616,9.0
2617,9.0
2618,9.0
2619,9.0
2620,9.0
2621,9.0
2622,9.0
2623,9.0
2624,8.0
2625,9.0
2626,10.0
2627,9.0
2628,9.0
2629,8.0
2630,9.0
2631,9.0
2632,9.0
2633,10.0
2634,10.0
2635,10.0
2636,10.0
2637,9.0
2638,9.0
2639,11.0
2640,10.0
2641,10.0
2642,8.0
2643,10.0
2644,9.0
2645,10.0
2646,9.0
2647,10.0
2648,9.0
2649,10.0
2650,10.0
2651,9.0
2652,9.0
2653,10.0
2654,9.0
2655,10.0
2656,10.0
2657,10.0
2658,9.0
2659,10.0
2660,9.0
2661,9.0
2662,11.0
2663,10.0
2664,8.0
2665,9.0
2666,10.0
2667,8.0
2668,9.0
2669,10.0
2670,10.0
2671,9.0
2672,9.0
2673,9.0
2674,10.0
2675,9.0
2676,10.0
2677,10.0
2678,10.0
2679,10.0
2680,10.0
2681,10.0
2682,9.0
2683,10.0
2684,11.0
2685,10.0
2686,10.0
2687,10.0
2688,9.0
2689,10.0
2690,9.0
2691,10.0
2692,10.0
2693,10.0
2694,9.0
2695,10.0
2696,9.0
2697,10.0
2698,10.0
2699,9.0
2700,10.0
2701,10.0
2702,11.0
2703,10.0
2704,10.0
2705,10.0
2706,9.0
2707,10.0
2708,10.0
2709,10.0
2710,10.0
2711,10.0
2712,10.0
2713,10.0
2714,10.0
2715,10.0
2716,9.0
2717,9.0
2718,10.0
2719,10.0
2720,11.0
2721,10.0
2722,10.0
2723,10.0
2724,10.0
2725,10.0
2726,10.0
2727,10.0
2728,8.0
2729,9.0
2730,10.0
2731,10.0
2732,10.0
2733,10.0
2734,10.0
2735,10.0
2736,10.0
2737,10.0
2738,10.0
2739,10.0
2740,11.0
2741,10.0
2742,10.0
2743,9.0
2744,10.0
2745,8.0
2746,11.0
2747,9.0
2748,10.0
2749,10.0
2750,10.0
2751,10.0
2752,10.0
2753,10.0
2754,10.0
2755,10.0
2756,9.0
2757,10.0
2758,10.0
2759,10.0
2760,10.0
2761,10.0
2762,10.0
2763,10.0
2764,10.0
2765,10.0
2766,11.0
2767,10.0
2768,10.0
2769,10.0
2770,10.0
2771,9.0
2772,9.0
2773,11.0
2774,10.0
2775,9.0
2776,10.0
2777,10.0
2778,9.0
2779,10.0
2780,10.0
2781,10.0
2782,9.0
2783,10.0
2784,10.0
2785,10.0
2786,10.0
2787,11.0
2788,9.0
2789,10.0
2790,9.0
2791,9.0
2792,10.0
2793,9.0
2794,11.0
2795,10.0
2796,11.0
2797,10.0
2798,10.0
2799,10.0
2800,10.0
2801,10.0
2802,10.0
2803,10.0
2804,11.0
2805,9.0
2806,9.0
2807,10.0
2808,10.0
2809,9.0
2810,9.0
2811,10.0
2812,10.0
2813,10.0
2814,11.0
2815,10.0
2816,9.0
2817,10.0
2818,10.0
2819,10.0
2820,9.0
2821,9.0
2822,10.0
2823,10.0
2824,10.0
2825,11.0
2826,10.0
2827,10.0
2828,10.0
2829,9.0
2830,10.0
2831,9.0
2832,10.0
2833,10.0
2834,10.0
2835,9.0
2836,9.0
2837,10.0
2838,10.0
2839,10.0
2840,10.0
2841,10.0
2842,10.0
2843,10.0
2844,9.0
2845,10.0
2846,10.0
2847,10.0
2848,10.0
2849,10.0
2850,10.0
2851,11.0
2852,10.0
2853,10.0
2854,10.0
2855,10.0
2856,10.0
2857,10.0
2858,10.0
2859,10.0
2860,11.0
2861,9.0
2862,10.0
2863,10.0
2864,9.0
2865,9.0
2866,10.0
2867,9.0
2868,10.0
2869,10.0
2870,10.0
2871,11.0
2872,10.0
2873,10.0
2874,10.0
2875,11.0
2876,10.0
2877,10.0
2878,10.0
2879,10.0
2880,10.0
2881,10.0
2882,9.0
2883,10.0
2884,10.0
2885,10.0
2886,10.0
2887,10.0
2888,10.0
2889,10.0
2890,10.0
2891,10.0
2892,10.0
2893,10.0
2894,10.0
2895,10.0
2896,10.0
2897,10.0
2898,10.0
2899,10.0
2900,10.0
2901,10.0
2902,10.0
2903,11.0
2904,10.0
2905,10.0
2906,10.0
2907,10.0
2908,9.0
2909,10.0
2910,11.0
2911,10.0
2912,10.0
2913,10.0
2914,10.0
2915,10.0
2916,10.0
2917,10.0
2918,10.0
2919,11.0
2920,10.0
2921,10.0
2922,10.0
2923,10.0
2924,10.0
2925,10.0
2926,10.0
2927,10.0
2928,10.0
2929,10.0
2930,9.0
2931,10.0
2932,9.0
2933,10.0
2934,10.0
2935,10.0
2936,10.0
2937,10.0
2938,11.0
2939,10.0
2940,9.0
2941,10.0
2942,11.0
2943,10.0
2944,10.0
2945,10.0
2946,10.0
2947,10.0
2948,10.0
2949,10.0
2950,10.0
2951,10.0
2952,10.0
2953,10.0
2954,9.0
2955,10.0
2956,9.0
2957,10.0
2958,9.0
2959,11.0
2960,9.0
2961,10.0
2962,9.0
2963,10.0
2964,10.0
2965,10.0
2966,10.0
2967,9.0
2968,10.0
2969,10.0
2970,10.0
2971,10.0
2972,10.0
2973,10.0
2974,10.0
2975,10.0
2976,10.0
2977,10.0
2978,9.0
2979,10.0
2980,10.0
2981,10.0
2982,10.0
2983,10.0
2984,9.0
2985,10.0
2986,10.0
2987,10.0
2988,10.0
2989,10.0
2990,9.0
2991,10.0
2992,10.0
2993,10.0
2994,10.0
2995,11.0
2996,10.0
2997,10.0
2998,10.0
2999,10.0
3000,9.0
3001,10.0
3002,9.0
3003,10.0
3004,9.0
3005,9.0
3006,10.0
3007,10.0
3008,10.0
3009,10.0
3010,10.0
3011,10.0
3012,10.0
3013,10.0
3014,10.0
3015,10.0
3016,10.0
3017,10.0
3018,10.0
3019,10.0
3020,10.0
3021,9.0
3022,10.0
3023,9.0
3024,9.0
3025,10.0
3026,10.0
3027,10.0
3028,10.0
3029,10.0
3030,10.0
3031,10.0
3032,9.0
3033,10.0
3034,10.0
3035,10.0
3036,10.0
3037,10.0
3038,10.0
3039,10.0
3040,10.0
3041,10.0
3042,10.0
3043,10.0
3044,10.0
3045,10.0
3046,10.0
3047,10.0
3048,9.0
3049,11.0
3050,11.0
3051,10.0
3052,10.0
3053,11.0
3054,10.0
3055,9.0
3056,9.0
3057,10.0
3058,10.0
3059,10.0
3060,9.0
3061,10.0
3062,9.0
3063,10.0
3064,9.0
3065,10.0
3066,10.0
3067,9.0
3068,9.0
3069,10.0
3070,10.0
3071,10.0
3072,10.0
3073,10.0
3074,10.0
3075,10.0
3076,10.0
3077,10.0
3078,10.0
3079,11.0
3080,10.0
3081,10.0
3082,10.0
3083,10.0
3084,10.0
3085,10.0
3086,9.0
3087,10.0
3088,10.0
3089,9.0
3090,10.0
3091,10.0
3092,10.0
3093,10.0
3094,10.0
3095,10.0
3096,10.0
3097,10.0
3098,9.0
3099,10.0
3100,10.0
3101,10.0
3102,10.0
3103,10.0
3104,10.0
3105,10.0
3106,10.0
3107,10.0
3108,10.0
3109,10.0
3110,10.0
3111,10.0
3112,10.0
3113,10.0
3114,9.0
3115,9.0
3116,10.0
3117,10.0
3118,9.0
3119,10.0
3120,10.0
3121,10.0
3122,10.0
3123,10.0
3124,10.0
3125,9.0
3126,10.0
3127,9.0
3128,10.0
3129,10.0
3130,10.0
3131,9.0
3132,10.0
3133,10.0
3134,10.0
3135,10.0
3136,10.0
3137,10.0
3138,10.0
3139,10.0
3140,10.0
3141,9.0
3142,9.0
3143,10.0
3144,9.0
3145,9.0
3146,10.0
3147,10.0
3148,10.0
3149,10.0
3150,9.0
3151,9.0
3152,10.0
3153,11.0
3154,10.0
3155,10.0
3156,10.0
3157,10.0
3158,11.0
3159,10.0
3160,9.0
3161,10.0
3162,10.0
3163,10.0
3164,10.0
3165,10.0
3166,9.0
3167,9.0
3168,9.0
3169,10.0
3170,10.0
3171,10.0
3172,10.0
3173,9.0
3174,9.0
3175,10.0
3176,10.0
3177,10.0
3178,10.0
3179,9.0
3180,10.0
3181,10.0
3182,10.0
3183,9.0
3184,10.0
3185,10.0
3186,10.0
3187,10.0
3188,11.0
3189,10.0
3190,10.0
3191,10.0
3192,10.0
3193,10.0
3194,10.0
3195,9.0
3196,10.0
3197,10.0
3198,11.0
3199,9.0
3200,10.0
3201,10.0
3202,10.0
3203,9.0
3204,10.0
3205,11.0
3206,10.0
3207,10.0
3208,10.0
3209,9.0
3210,10.0
3211,10.0
3212,10.0
3213,10.0
3214,10.0
3215,11.0
3216,10.0
3217,10.0
3218,10.0
3219,10.0
3220,9.0
3221,9.0
3222,10.0
3223,10.0
3224,10.0
3225,10.0
3226,9.0
3227,10.0
3228,10.0
3229,10.0
3230,10.0
3231,9.0
3232,10.0
3233,10.0
3234,10.0
3235,11.0
3236,10.0
3237,9.0
3238,10.0
3239,10.0
3240,10.0
3241,9.0
3242,10.0
3243,9.0
3244,9.0
3245,10.0
3246,10.0
3247,9.0
3248,9.0
3249,10.0
3250,10.0
3251,10.0
3252,10.0
3253,10.0
3254,10.0
3255,9.0
3256,10.0
3257,10.0
3258,10.0
3259,10.0
3260,10.0
3261,10.0
3262,10.0
3263,10.0
3264,10.0
3265,9.0
3266,10.0
3267,10.0
3268,9.0
3269,10.0
3270,10.0
3271,10.0
3272,10.0
3273,10.0
3274,9.0
3275,10.0
3276,10.0
3277,9.0
3278,10.0
3279,10.0
3280,10.0
3281,10.0
3282,10.0
3283,9.0
3284,10.0
3285,10.0
3286,10.0
3287,10.0
3288,10.0
3289,10.0
3290,10.0
3291,10.0
3292,9.0
3293,10.0
3294,10.0
3295,10.0
3296,10.0
3297,10.0
3298,10.0
3299,10.0
3300,10.0
3301,10.0
3302,9.0
3303,10.0
3304,11.0
3305,10.0
3306,10.0
3307,10.0
3308,10.0
3309,10.0
3310,10.0
3311,10.0
3312,10.0
3313,9.0
3314,10.0
3315,10.0
3316,10.0
3317,10.0
3318,10.0
3319,10.0
3320,10.0
3321,10.0
3322,9.0
3323,10.0
3324,11.0
3325,10.0
3326,10.0
3327,10.0
3328,9.0
3329,10.0
3330,10.0
3331,11.0
3332,9.0
3333,10.0
3334,10.0
3335,9.0
3336,10.0
3337,11.0
3338,11.0
3339,10.0
3340,11.0
3341,9.0
3342,10.0
3343,10.0
3344,10.0
3345,10.0
3346,11.0
3347,9.0
3348,10.0
3349,10.0
3350,10.0
3351,9.0
3352,10.0
3353,11.0
3354,10.0
3355,10.0
3356,10.0
3357,11.0
3358,10.0
3359,10.0
3360,9.0
3361,9.0
3362,10.0
3363,10.0
3364,10.0
3365,10.0
3366,10.0
3367,11.0
3368,10.0
3369,10.0
3370,9.0
3371,10.0
3372,9.0
3373,10.0
3374,11.0
3375,10.0
3376,10.0
3377,10.0
3378,10.0
3379,10.0
3380,10.0
3381,10.0
3382,10.0
3383,10.0
3384,10.0
3385,9.0
3386,10.0
3387,10.0
3388,10.0
3389,10.0
3390,9.0
3391,10.0
3392,10.0
3393,11.0
3394,10.0
3395,9.0
3396,11.0
3397,9.0
3398,10.0
3399,9.0
3400,10.0
3401,10.0
3402,9.0
3403,9.0
3404,10.0
3405,10.0
3406,9.0
3407,9.0
3408,10.0
3409,10.0
3410,11.0
3411,9.0
3412,10.0
3413,9.0
3414,9.0
3415,9.0
3416,10.0
3417,10.0
3418,10.0
3419,10.0
3420,9.0
3421,10.0
3422,9.0
3423,10.0
3424,10.0
3425,10.0
3426,10.0
3427,10.0
3428,10.0
3429,9.0
3430,10.0
3431,10.0
3432,10.0
3433,10.0
3434,10.0
3435,10.0
3436,10.0
3437,10.0
3438,10.0
3439,11.0
3440,9.0
3441,10.0
3442,10.0
3443,10.0
3444,10.0
3445,11.0
3446,11.0
3447,10.0
3448,9.0
3449,10.0
3450,9.0
3451,11.0
3452,10.0
3453,10.0
3454,9.0
3455,10.0
3456,10.0
3457,10.0
3458,10.0
3459,10.0
3460,9.0
3461,10.0
3462,10.0
3463,10.0
3464,10.0
3465,10.0
3466,10.0
3467,10.0
3468,9.0
3469,10.0
3470,10.0
3471,10.0
3472,9.0
3473,10.0
3474,10.0
3475,10.0
3476,10.0
3477,10.0
3478,10.0
3479,10.0
3480,10.0
3481,9.0
3482,11.0
3483,9.0
3484,11.0
3485,11.0
3486,9.0
3487,9.0
3488,10.0
3489,10.0
3490,10.0
3491,10.0
3492,10.0
3493,10.0
3494,10.0
3495,10.0
3496,10.0
3497,10.0
3498,10.0
3499,10.0
3500,10.0
3501,10.0
3502,10.0
3503,10.0
3504,10.0
3505,10.0
3506,9.0
3507,10.0
3508,10.0
3509,10.0
3510,10.0
3511,10.0
3512,9.0
3513,9.0
3514,10.0
3515,10.0
3516,9.0
3517,10.0
3518,10.0
3519,10.0
3520,10.0
3521,9.0
3522,10.0
3523,10.0
3524,10.0
3525,10.0
3526,10.0
3527,10.0
3528,10.0
3529,11.0
3530,9.0
3531,9.0
3532,10.0
3533,10.0
3534,10.0
3535,10.0
3536,10.0
3537,9.0
3538,10.0
3539,10.0
3540,10.0
3541,10.0
3542,10.0
3543,10.0
3544,10.0
3545,10.0
3546,10.0
3547,10.0
3548,10.0
3549,10.0
3550,10.0
3551,10.0
3552,10.0
3553,10.0
3554,10.0
3555,10.0
3556,10.0
3557,10.0
3558,10.0
3559,10.0
3560,9.0
3561,10.0
3562,10.0
3563,9.0
3564,10.0
3565,11.0
3566,10.0
3567,9.0
3568,10.0
3569,9.0
3570,10.0
3571,10.0
3572,10.0
3573,10.0
3574,10.0
3575,10.0
3576,10.0
3577,10.0
3578,10.0
3579,10.0
3580,10.0
3581,11.0
3582,10.0
3583,10.0
3584,10.0
3585,10.0
3586,10.0
3587,10.0
3588,11.0
3589,11.0
3590,10.0
3591,10.0
3592,10.0
3593,9.0
3594,10.0
3595,10.0
3596,10.0
3597,9.0
3598,10.0
3599,10.0
3600,10.0
3601,10.0
3602,10.0
3603,10.0
3604,9.0
3605,10.0
3606,10.0
3607,10.0
3608,10.0
3609,10.0
3610,9.0
3611,10.0
3612,10.0
3613,11.0
3614,10.0
3615,10.0
3616,10.0
3617,9.0
3618,10.0
3619,10.0
3620,10.0
3621,10.0
3622,10.0
3623,11.0
3624,10.0
3625,9.0
3626,9.0
3627,10.0
3628,10.0
3629,10.0
3630,10.0
3631,10.0
3632,10.0
3633,9.0
3634,10.0
3635,10.0
3636,10.0
3637,10.0
3638,10.0
3639,10.0
3640,11.0
3641,10.0
3642,10.0
3643,10.0
3644,10.0
3645,10.0
3646,10.0
3647,10.0
3648,10.0
3649,10.0
3650,10.0
3651,10.0
3652,10.0
3653,10.0
3654,10.0
3655,10.0
3656,10.0
3657,10.0
3658,10.0
3659,10.0
3660,10.0
3661,10.0
3662,9.0
3663,9.0
3664,9.0
3665,10.0
3666,10.0
3667,10.0
3668,10.0
3669,10.0
3670,10.0
3671,10.0
3672,10.0
3673,10.0
3674,10.0
3675,11.0
3676,10.0
3677,10.0
3678,10.0
3679,10.0
3680,9.0
3681,9.0
3682,10.0
3683,10.0
3684,9.0
3685,10.0
3686,10.0
3687,9.0
3688,10.0
3689,10.0
3690,10.0
3691,10.0
3692,9.0
3693,9.0
3694,10.0
3695,10.0
3696,10.0
3697,10.0
3698,9.0
3699,10.0
3700,11.0
3701,10.0
3702,10.0
3703,10.0
3704,10.0
3705,10.0
3706,11.0
3707,10.0
3708,10.0
3709,10.0
3710,10.0
3711,10.0
3712,10.0
3713,9.0
3714,10.0
3715,10.0
3716,9.0
3717,11.0
3718,10.0
3719,10.0
3720,11.0
3721,10.0
3722,10.0
3723,10.0
3724,9.0
3725,10.0
3726,10.0
3727,9.0
3728,11.0
3729,9.0
3730,10.0
3731,9.0
3732,10.0
3733,10.0
3734,10.0
3735,10.0
3736,10.0
3737,10.0
3738,10.0
3739,10.0
3740,11.0
3741,10.0
3742,10.0
3743,10.0
3744,10.0
3745,10.0
3746,10.0
3747,10.0
3748,10.0
3749,10.0
3750,9.0
3751,10.0
3752,10.0
3753,10.0
3754,9.0
3755,11.0
3756,10.0
3757,10.0
3758,9.0
3759,10.0
3760,10.0
3761,10.0
3762,10.0
3763,10.0
3764,10.0
3765,10.0
3766,9.0
3767,10.0
3768,9.0
3769,10.0
3770,10.0
3771,10.0
3772,10.0
3773,10.0
3774,10.0
3775,10.0
3776,10.0
3777,10.0
3778,10.0
3779,9.0
3780,10.0
3781,11.0
3782,9.0
3783,10.0
3784,10.0
3785,10.0
3786,10.0
3787,9.0
3788,10.0
3789,10.0
3790,10.0
3791,10.0
3792,11.0
3793,10.0
3794,10.0
3795,9.0
3796,10.0
3797,10.0
3798,10.0
3799,10.0
3800,10.0
3801,9.0
3802,10.0
3803,10.0
3804,10.0
3805,10.0
3806,10.0
3807,10.0
3808,10.0
3809,10.0
3810,10.0
3811,11.0
3812,10.0
3813,10.0
3814,10.0
3815,9.0
3816,9.0
3817,10.0
3818,10.0
3819,9.0
3820,9.0
3821,10.0
3822,10.0
3823,10.0
3824,10.0
3825,10.0
3826,11.0
3827,9.0
3828,11.0
3829,10.0
3830,10.0
3831,9.0
3832,10.0
3833,10.0
3834,10.0
3835,10.0
3836,10.0
3837,11.0
3838,10.0
3839,10.0
3840,9.0
3841,9.0
3842,10.0
3843,9.0
3844,10.0
3845,10.0
3846,10.0
3847,10.0
3848,9.0
3849,10.0
3850,11.0
3851,10.0
3852,9.0
3853,10.0
3854,10.0
3855,9.0
3856,10.0
3857,10.0
3858,10.0
3859,10.0
3860,10.0
3861,10.0
3862,10.0
3863,10.0
3864,10.0
3865,10.0
3866,10.0
3867,10.0
3868,10.0
3869,10.0
3870,10.0
3871,10.0
3872,10.0
3873,10.0
3874,10.0
3875,10.0
3876,10.0
3877,9.0
3878,11.0
3879,9.0
3880,10.0
3881,10.0
3882,10.0
3883,9.0
3884,10.0
3885,10.0
3886,10.0
3887,10.0
3888,9.0
3889,11.0
3890,9.0
3891,10.0
3892,10.0
3893,10.0
3894,9.0
3895,10.0
3896,10.0
3897,9.0
3898,10.0
3899,10.0
3900,9.0
3901,10.0
3902,10.0
3903,10.0
3904,10.0
3905,9.0
3906,10.0
3907,10.0
3908,10.0
3909,10.0
3910,10.0
3911,10.0
3912,10.0
3913,10.0
3914,10.0
3915,9.0
3916,10.0
3917,10.0
3918,11.0
3919,10.0
3920,9.0
3921,10.0
3922,10.0
3923,10.0
3924,10.0
3925,10.0
3926,10.0
3927,10.0
3928,10.0
3929,10.0
3930,10.0
3931,10.0
3932,10.0
3933,10.0
3934,10.0
3935,10.0
3936,10.0
3937,10.0
3938,10.0
3939,10.0
3940,11.0
3941,10.0
3942,11.0
3943,9.0
3944,9.0
3945,10.0
3946,10.0
3947,10.0
3948,10.0
3949,10.0
3950,10.0
3951,10.0
3952,10.0
3953,10.0
3954,9.0
3955,10.0
3956,10.0
3957,10.0
3958,10.0
3959,9.0
3960,10.0
3961,10.0
3962,10.0
3963,10.0
3964,10.0
3965,10.0
3966,10.0
3967,10.0
3968,10.0
3969,10.0
3970,10.0
3971,10.0
3972,10.0
3973,10.0
3974,10.0
3975,10.0
3976,10.0
3977,10.0
3978,10.0
3979,11.0
3980,11.0
3981,10.0
3982,10.0
3983,10.0
3984,11.0
3985,10.0
3986,10.0
3987,11.0
3988,10.0
3989,9.0
3990,10.0
3991,10.0
3992,10.0
3993,10.0
3994,10.0
3995,9.0
3996,9.0
3997,9.0
3998,10.0
3999,11.0
4000,9.0
4001,10.0
4002,9.0
4003,10.0
4004,10.0
4005,10.0
4006,10.0
4007,9.0
4008,10.0
4009,10.0
4010,10.0
4011,9.0
4012,10.0
4013,9.0
4014,10.0
4015,10.0
4016,10.0
4017,11.0
4018,9.0
4019,10.0
4020,10.0
4021,10.0
4022,10.0
4023,10.0
4024,10.0
4025,10.0
4026,10.0
4027,10.0
4028,10.0
4029,10.0
4030,10.0
4031,10.0
4032,10.0
4033,10.0
4034,10.0
4035,10.0
4036,10.0
4037,10.0
4038,10.0
4039,9.0
4040,9.0
4041,10.0
4042,10.0
4043,10.0
4044,9.0
4045,9.0
4046,10.0
4047,10.0
4048,10.0
4049,10.0
4050,10.0
4051,10.0
4052,10.0
4053,10.0
4054,9.0
4055,10.0
4056,10.0
4057,10.0
4058,10.0
4059,10.0
4060,10.0
4061,10.0
4062,10.0
4063,10.0
4064,10.0
4065,11.0
4066,11.0
4067,10.0
4068,10.0
4069,9.0
4070,11.0
4071,10.0
4072,10.0
4073,10.0
4074,10.0
4075,10.0
4076,10.0
4077,10.0
4078,10.0
4079,10.0
4080,10.0
4081,11.0
4082,10.0
4083,10.0
4084,10.0
4085,11.0
4086,10.0
4087,11.0
4088,10.0
4089,10.0
4090,10.0
4091,9.0
4092,10.0
4093,10.0
4094,10.0
4095,10.0
4096,10.0
4097,10.0
4098,10.0
4099,10.0
4100,10.0
4101,10.0
4102,10.0
4103,10.0
4104,11.0
4105,10.0
4106,10.0
4107,10.0
4108,10.0
4109,9.0
4110,9.0
4111,10.0
4112,10.0
4113,10.0
4114,10.0
4115,10.0
4116,10.0
4117,10.0
4118,10.0
4119,10.0
4120,10.0
4121,10.0
4122,9.0
4123,10.0
4124,10.0
4125,9.0
4126,10.0
4127,10.0
4128,10.0
4129,10.0
4130,10.0
4131,10.0
4132,10.0
4133,10.0
4134,10.0
4135,10.0
4136,9.0
4137,10.0
4138,10.0
4139,10.0
4140,10.0
4141,10.0
4142,10.0
4143,10.0
4144,9.0
4145,10.0
4146,10.0
4147,10.0
4148,10.0
4149,11.0
4150,10.0
4151,9.0
4152,10.0
4153,10.0
4154,9.0
4155,10.0
4156,11.0
4157,10.0
4158,10.0
4159,10.0
4160,10.0
4161,10.0
4162,10.0
4163,10.0
4164,9.0
4165,10.0
4166,9.0
4167,10.0
4168,10.0
4169,9.0
4170,9.0
4171,9.0
4172,10.0
4173,11.0
4174,10.0
4175,10.0
4176,10.0
4177,9.0
4178,10.0
4179,9.0
4180,10.0
4181,10.0
4182,10.0
4183,10.0
4184,10.0
4185,10.0
4186,10.0
4187,9.0
4188,10.0
4189,10.0
4190,10.0
4191,9.0
4192,10.0
4193,10.0
4194,11.0
4195,10.0
4196,10.0
4197,10.0
4198,10.0
4199,10.0
4200,11.0
4201,10.0
4202,9.0
4203,10.0
4204,10.0
4205,10.0
4206,10.0
4207,10.0
4208,10.0
4209,10.0
4210,11.0
4211,9.0
4212,9.0
4213,10.0
4214,10.0
4215,9.0
4216,9.0
4217,10.0
4218,10.0
4219,10.0
4220,10.0
4221,10.0
4222,10.0
4223,10.0
4224,10.0
4225,10.0
4226,10.0
4227,10.0
4228,10.0
4229,9.0
4230,11.0
4231,10.0
4232,10.0
4233,10.0
4234,10.0
4235,9.0
4236,10.0
4237,10.0
4238,10.0
4239,10.0
4240,10.0
4241,10.0
4242,9.0
4243,10.0
4244,10.0
4245,10.0
4246,10.0
4247,9.0
4248,10.0
4249,10.0
4250,10.0
4251,10.0
4252,10.0
4253,10.0
4254,10.0
4255,10.0
4256,10.0
4257,10.0
4258,10.0
4259,10.0
4260,10.0
4261,9.0
4262,10.0
4263,9.0
4264,10.0
4265,11.0
4266,9.0
4267,10.0
4268,10.0
4269,10.0
4270,10.0
4271,10.0
4272,10.0
4273,10.0
4274,10.0
4275,10.0
4276,9.0
4277,10.0
4278,10.0
4279,10.0
4280,10.0
4281,10.0
4282,9.0
4283,10.0
4284,9.0
4285,10.0
4286,10.0
4287,9.0
4288,10.0
4289,9.0
4290,10.0
4291,11.0
4292,10.0
4293,10.0
4294,10.0
4295,10.0
4296,10.0
4297,10.0
4298,10.0
4299,11.0
4300,10.0
4301,10.0
4302,10.0
4303,9.0
4304,10.0
4305,9.0
4306,10.0
4307,10.0
4308,10.0
4309,10.0
4310,10.0
4311,10.0
4312,10.0
4313,10.0
4314,10.0
4315,10.0
4316,10.0
4317,10.0
4318,10.0
4319,10.0
4320,10.0
4321,10.0
4322,10.0
4323,10.0
4324,10.0
4325,10.0
4326,11.0
4327,10.0
4328,10.0
4329,10.0
4330,11.0
4331,11.0
4332,10.0
4333,9.0
4334,10.0
4335,10.0
4336,9.0
4337,10.0
4338,10.0
4339,9.0
4340,10.0
4341,10.0
4342,9.0
4343,9.0
4344,10.0
4345,10.0
4346,10.0
4347,10.0
4348,10.0
4349,9.0
4350,10.0
4351,10.0
4352,10.0
4353,10.0
4354,10.0
4355,10.0
4356,10.0
4357,10.0
4358,10.0
4359,10.0
4360,10.0
4361,10.0
4362,9.0
4363,10.0
4364,9.0
4365,9.0
4366,9.0
4367,10.0
4368,10.0
4369,10.0
4370,10.0
4371,10.0
4372,11.0
4373,10.0
4374,10.0
4375,10.0
4376,10.0
4377,10.0
4378,10.0
4379,11.0
4380,10.0
4381,10.0
4382,10.0
4383,10.0
4384,10.0
4385,9.0
4386,9.0
4387,10.0
4388,10.0
4389,10.0
4390,10.0
4391,10.0
4392,10.0
4393,9.0
4394,10.0
4395,10.0
4396,10.0
4397,10.0
4398,11.0
4399,10.0
4400,10.0
4401,10.0
4402,9.0
4403,9.0
4404,10.0
4405,10.0
4406,9.0
4407,10.0
4408,10.0
4409,10.0
4410,9.0
4411,9.0
4412,10.0
4413,11.0
4414,9.0
4415,10.0
4416,10.0
4417,9.0
4418,9.0
4419,10.0
4420,11.0
4421,10.0
4422,10.0
4423,10.0
4424,10.0
4425,10.0
4426,10.0
4427,10.0
4428,10.0
4429,9.0
4430,10.0
4431,10.0
4432,10.0
4433,11.0
4434,10.0
4435,10.0
4436,10.0
4437,10.0
4438,9.0
4439,10.0
4440,11.0
4441,10.0
4442,9.0
4443,10.0
4444,10.0
4445,10.0
4446,10.0
4447,10.0
4448,10.0
4449,10.0
4450,10.0
4451,10.0
4452,9.0
4453,11.0
4454,10.0
4455,10.0
4456,10.0
4457,10.0
4458,10.0
4459,9.0
4460,10.0
4461,10.0
4462,10.0
4463,10.0
4464,10.0
4465,10.0
4466,10.0
4467,10.0
4468,10.0
4469,10.0
4470,10.0
4471,10.0
4472,10.0
4473,10.0
4474,10.0
4475,10.0
4476,10.0
4477,10.0
4478,10.0
4479,10.0
4480,10.0
4481,9.0
4482,9.0
4483,9.0
4484,10.0
4485,10.0
4486,10.0
4487,10.0
4488,10.0
4489,10.0
4490,10.0
4491,10.0
4492,10.0
4493,10.0
4494,10.0
4495,11.0
4496,10.0
4497,10.0
4498,10.0
4499,10.0
4500,10.0
4501,10.0
4502,11.0
4503,10.0
4504,9.0
4505,10.0
4506,10.0
4507,11.0
4508,10.0
4509,10.0
4510,10.0
4511,9.0
4512,11.0
4513,11.0
4514,10.0
4515,10.0
4516,10.0
4517,10.0
4518,10.0
4519,10.0
4520,10.0
4521,10.0
4522,10.0
4523,10.0
4524,10.0
4525,10.0
4526,10.0
4527,10.0
4528,10.0
4529,10.0
4530,10.0
4531,10.0
4532,10.0
4533,11.0
4534,10.0
4535,9.0
4536,10.0
4537,9.0
4538,10.0
4539,10.0
4540,9.0
4541,10.0
4542,10.0
4543,10.0
4544,10.0
4545,10.0
4546,10.0
4547,10.0
4548,10.0
4549,10.0
4550,10.0
4551,10.0
4552,10.0
4553,10.0
4554,10.0
4555,10.0
4556,10.0
4557,10.0
4558,10.0
4559,10.0
4560,10.0
4561,10.0
4562,10.0
4563,10.0
4564,10.0
4565,10.0
4566,9.0
4567,10.0
4568,9.0
4569,10.0
4570,9.0
4571,10.0
4572,10.0
4573,10.0
4574,10.0
4575,10.0
4576,9.0
4577,10.0
4578,10.0
4579,9.0
4580,10.0
4581,11.0
4582,10.0
4583,9.0
4584,10.0
4585,10.0
4586,10.0
4587,9.0
4588,10.0
4589,10.0
4590,10.0
4591,9.0
4592,11.0
4593,11.0
4594,10.0
4595,10.0
4596,10.0
4597,10.0
4598,10.0
4599,9.0
4600,10.0
4601,11.0
4602,10.0
4603,10.0
4604,9.0
4605,10.0
4606,10.0
4607,9.0
4608,10.0
4609,10.0
4610,10.0
4611,10.0
4612,10.0
4613,11.0
4614,10.0
4615,10.0
4616,11.0
4617,10.0
4618,10.0
4619,10.0
4620,9.0
4621,10.0
4622,10.0
4623,10.0
4624,10.0
4625,10.0
4626,10.0
4627,10.0
4628,10.0
4629,10.0
4630,10.0
4631,11.0
4632,10.0
4633,10.0
4634,11.0
4635,10.0
4636,10.0
4637,10.0
4638,10.0
4639,9.0
4640,10.0
4641,10.0
4642,10.0
4643,10.0
4644,10.0
4645,10.0
4646,9.0
4647,10.0
4648,10.0
4649,11.0
4650,10.0
4651,10.0
4652,10.0
4653,9.0
4654,10.0
4655,10.0
4656,9.0
4657,9.0
4658,10.0
4659,11.0
4660,10.0
4661,10.0
4662,10.0
4663,10.0
4664,10.0
4665,10.0
4666,11.0
4667,10.0
4668,10.0
4669,10.0
4670,10.0
4671,10.0
4672,10.0
4673,10.0
4674,10.0
4675,10.0
4676,10.0
4677,10.0
4678,10.0
4679,10.0
4680,10.0
4681,10.0
4682,10.0
4683,10.0
4684,10.0
4685,9.0
4686,9.0
4687,11.0
4688,10.0
4689,10.0
4690,9.0
4691,10.0
4692,10.0
4693,10.0
4694,11.0
4695,10.0
4696,10.0
4697,10.0
4698,10.0
4699,10.0
4700,10.0
4701,10.0
4702,10.0
4703,10.0
4704,10.0
4705,10.0
4706,10.0
4707,10.0
4708,10.0
4709,9.0
4710,10.0
4711,10.0
4712,10.0
4713,10.0
4714,10.0
4715,10.0
4716,11.0
4717,11.0
4718,9.0
4719,10.0
4720,10.0
4721,10.0
4722,10.0
4723,11.0
4724,10.0
4725,10.0
4726,10.0
4727,10.0
4728,10.0
4729,10.0
4730,10.0
4731,9.0
4732,10.0
4733,10.0
4734,9.0
4735,9.0
4736,10.0
4737,10.0
4738,10.0
4739,11.0
4740,10.0
4741,10.0
4742,9.0
4743,10.0
4744,10.0
4745,10.0
4746,10.0
4747,10.0
4748,9.0
4749,10.0
4750,10.0
4751,10.0
4752,10.0
4753,10.0
4754,10.0
4755,9.0
4756,9.0
4757,10.0
4758,10.0
4759,10.0
4760,10.0
4761,10.0
4762,9.0
4763,10.0
4764,10.0
4765,10.0
4766,10.0
4767,11.0
4768,10.0
4769,10.0
4770,10.0
4771,9.0
4772,10.0
4773,10.0
4774,10.0
4775,9.0
4776,10.0
4777,10.0
4778,10.0
4779,10.0
4780,11.0
4781,10.0
4782,9.0
4783,9.0
4784,10.0
4785,10.0
4786,11.0
4787,11.0
4788,10.0
4789,10.0
4790,10.0
4791,10.0
4792,9.0
4793,10.0
4794,9.0
4795,10.0
4796,10.0
4797,10.0
4798,10.0
4799,10.0
4800,10.0
4801,10.0
4802,9.0
4803,10.0
4804,10.0
4805,10.0
4806,10.0
4807,10.0
4808,10.0
4809,9.0
4810,10.0
4811,9.0
4812,10.0
4813,10.0
4814,10.0
4815,10.0
4816,10.0
4817,10.0
4818,10.0
4819,10.0
4820,10.0
4821,9.0
4822,10.0
4823,9.0
4824,11.0
4825,10.0
4826,9.0
4827,10.0
4828,10.0
4829,10.0
4830,10.0
4831,10.0
4832,10.0
4833,10.0
4834,10.0
4835,10.0
4836,10.0
4837,10.0
4838,10.0
4839,10.0
4840,10.0
4841,10.0
4842,9.0
4843,10.0
4844,9.0
4845,10.0
4846,10.0
4847,10.0
4848,10.0
4849,10.0
4850,9.0
4851,9.0
4852,10.0
4853,10.0
4854,10.0
4855,10.0
4856,9.0
4857,10.0
4858,10.0
4859,10.0
4860,10.0
4861,10.0
4862,9.0
4863,10.0
4864,10.0
4865,10.0
4866,10.0
4867,10.0
4868,10.0
4869,10.0
4870,10.0
4871,10.0
4872,10.0
4873,10.0
4874,10.0
4875,10.0
4876,10.0
4877,10.0
4878,11.0
4879,10.0
4880,10.0
4881,10.0
4882,10.0
4883,10.0
4884,11.0
4885,10.0
4886,10.0
4887,10.0
4888,10.0
4889,10.0
4890,10.0
4891,10.0
4892,10.0
4893,9.0
4894,10.0
4895,10.0
4896,10.0
4897,10.0
4898,9.0
4899,11.0
4900,10.0
4901,10.0
4902,10.0
4903,10.0
4904,9.0
4905,10.0
4906,10.0
4907,10.0
4908,11.0
4909,10.0
4910,9.0
4911,10.0
4912,10.0
4913,10.0
4914,10.0
4915,10.0
4916,10.0
4917,10.0
4918,10.0
4919,10.0
4920,10.0
4921,10.0
4922,10.0
4923,10.0
4924,10.0
4925,9.0
4926,10.0
4927,10.0
4928,10.0
4929,10.0
4930,10.0
4931,9.0
4932,10.0
4933,10.0
4934,10.0
4935,9.0
4936,10.0
4937,10.0
4938,9.0
4939,10.0
4940,11.0
4941,10.0
4942,10.0
4943,9.0
4944,10.0
4945,10.0
4946,10.0
4947,10.0
4948,10.0
4949,10.0
4950,10.0
4951,11.0
4952,10.0
4953,10.0
4954,10.0
4955,10.0
4956,10.0
4957,10.0
4958,10.0
4959,10.0
4960,10.0
4961,10.0
4962,10.0
4963,10.0
4964,10.0
4965,10.0
4966,10.0
4967,9.0
4968,10.0
4969,11.0
4970,10.0
4971,10.0
4972,9.0
4973,9.0
4974,10.0
4975,10.0
4976,10.0
4977,9.0
4978,11.0
4979,10.0
4980,10.0
4981,9.0
4982,10.0
4983,9.0
4984,10.0
4985,10.0
4986,10.0
4987,10.0
4988,11.0
4989,10.0
4990,10.0
4991,10.0
4992,10.0
4993,10.0
4994,10.0
4995,10.0
4996,10.0
4997,10.0
4998,10.0
4999,10.0
