,loss
0,1.0984196662902832
1,1.7628417015075684
2,2.443912982940674
3,4.5177106857299805
4,5.895453453063965
5,9.745397567749023
6,5.959749221801758
7,6.778400897979736
8,7.554437637329102
9,6.642138957977295
10,11.628129959106445
11,9.046573638916016
12,10.986553192138672
13,11.648075103759766
14,9.875199317932129
15,7.170948505401611
16,9.605164527893066
17,8.636210441589355
18,9.146820068359375
19,11.377827644348145
20,10.35947036743164
21,10.602702140808105
22,13.5525541305542
23,11.219698905944824
24,17.917322158813477
25,12.616517066955566
26,16.259641647338867
27,22.411062240600586
28,21.05272674560547
29,17.906352996826172
30,17.12500762939453
31,15.5255126953125
32,14.460826873779297
33,17.074737548828125
34,14.255842208862305
35,15.23596477508545
36,12.382843017578125
37,17.763320922851562
38,13.399762153625488
39,15.71154499053955
40,14.356926918029785
41,16.094982147216797
42,19.8676815032959
43,16.610681533813477
44,25.938570022583008
45,20.46177864074707
46,20.173315048217773
47,15.333192825317383
48,20.62858772277832
49,15.827173233032227
50,18.655893325805664
51,16.89824867248535
52,17.229145050048828
53,13.848567008972168
54,21.86541748046875
55,13.837544441223145
56,20.346538543701172
57,23.53304672241211
58,24.756423950195312
59,21.752416610717773
60,22.59722328186035
61,23.57793617248535
62,18.622821807861328
63,23.006980895996094
64,20.33056640625
65,20.841861724853516
66,19.841371536254883
67,17.7021427154541
68,16.423828125
69,18.284276962280273
70,21.401742935180664
71,22.259122848510742
72,20.322723388671875
73,18.49076271057129
74,23.006244659423828
75,22.726299285888672
76,21.5611515045166
77,20.09442710876465
78,17.670677185058594
79,17.140649795532227
80,18.058273315429688
81,14.439008712768555
82,31.29650115966797
83,12.837748527526855
84,16.083782196044922
85,6.127438068389893
86,10.353750228881836
87,15.86513900756836
88,11.080342292785645
89,14.232288360595703
90,12.985734939575195
91,14.716288566589355
92,17.26419448852539
93,19.173858642578125
94,19.037036895751953
95,10.511082649230957
96,21.846050262451172
97,14.618874549865723
98,23.748573303222656
99,13.273763656616211
100,33.70708084106445
101,21.209299087524414
102,19.247358322143555
103,19.94611930847168
104,16.686220169067383
105,13.047625541687012
106,14.793935775756836
107,20.467788696289062
108,13.754932403564453
109,17.316923141479492
110,19.387117385864258
111,22.421804428100586
112,18.460460662841797
113,15.434059143066406
114,16.70966148376465
115,14.331554412841797
116,17.596155166625977
117,17.196998596191406
118,16.867727279663086
119,16.986907958984375
120,19.602325439453125
121,19.77898406982422
122,11.531652450561523
123,11.383200645446777
124,19.41706085205078
125,16.75534439086914
126,12.25300407409668
127,13.425960540771484
128,11.38690185546875
129,13.944497108459473
130,14.03913688659668
131,14.638633728027344
132,14.34023380279541
133,8.531685829162598
134,11.143250465393066
135,6.2747802734375
136,12.428672790527344
137,11.324708938598633
138,12.984526634216309
139,16.44295883178711
140,11.110745429992676
141,17.7838077545166
142,13.617950439453125
143,10.35304069519043
144,23.274873733520508
145,7.279469966888428
146,12.543145179748535
147,11.450510025024414
148,9.972396850585938
149,11.62193489074707
150,12.700899124145508
151,11.541729927062988
152,12.762144088745117
153,14.958173751831055
154,21.021953582763672
155,9.022554397583008
156,6.84078311920166
157,9.443761825561523
158,10.752930641174316
159,12.83798599243164
160,19.78557586669922
161,18.56058692932129
162,13.42658805847168
163,16.059551239013672
164,14.12197208404541
165,13.597530364990234
166,13.418222427368164
167,15.322526931762695
168,10.858968734741211
169,20.017255783081055
170,12.155529022216797
171,14.366098403930664
172,6.8220696449279785
173,11.284383773803711
174,17.34503173828125
175,15.001140594482422
176,9.752826690673828
177,7.101311683654785
178,6.733484268188477
179,12.235331535339355
180,17.853734970092773
181,11.443623542785645
182,13.857808113098145
183,18.27554702758789
184,17.370384216308594
185,10.906299591064453
186,16.26658058166504
187,14.548328399658203
188,16.987348556518555
189,20.318218231201172
190,14.73552131652832
191,10.363022804260254
192,15.18621826171875
193,22.812389373779297
194,21.07131576538086
195,13.754107475280762
196,11.240182876586914
197,18.825237274169922
198,8.048654556274414
199,15.347399711608887
200,10.872424125671387
201,5.434500694274902
202,18.882678985595703
203,12.124861717224121
204,18.266334533691406
205,14.903152465820312
206,8.58194351196289
207,9.323447227478027
208,6.2038469314575195
209,8.940380096435547
210,20.416982650756836
211,20.81050682067871
212,15.280936241149902
213,9.71078109741211
214,18.77809715270996
215,10.075826644897461
216,18.184696197509766
217,6.064640998840332
218,15.439005851745605
219,11.409984588623047
220,16.525724411010742
221,14.667290687561035
222,17.527156829833984
223,8.68680477142334
224,16.06812858581543
225,7.019243240356445
226,23.706880569458008
227,16.551769256591797
228,23.289527893066406
229,12.816976547241211
230,13.82162094116211
231,56.96052551269531
232,9.204748153686523
233,20.149133682250977
234,29.95764923095703
235,28.091293334960938
236,23.890554428100586
237,21.34955596923828
238,8.073262214660645
239,21.46753692626953
240,28.696699142456055
241,8.630677223205566
242,24.24587059020996
243,22.031108856201172
244,15.731093406677246
245,13.480005264282227
246,29.4599552154541
247,30.580665588378906
248,32.18033218383789
249,19.46739959716797
250,20.517148971557617
251,25.18677520751953
252,27.90568733215332
253,17.01679229736328
254,11.02737045288086
255,13.477455139160156
256,13.444907188415527
257,18.328094482421875
258,18.87987518310547
259,23.89249610900879
260,20.56680679321289
261,18.75592803955078
262,18.174701690673828
263,22.261098861694336
264,14.317926406860352
265,32.330116271972656
266,13.347058296203613
267,15.514178276062012
268,30.888965606689453
269,12.733135223388672
270,27.08333396911621
271,24.855661392211914
272,29.323713302612305
273,10.359697341918945
274,12.310362815856934
275,9.087759017944336
276,50.25342559814453
277,18.365581512451172
278,19.019563674926758
279,22.683948516845703
280,49.434425354003906
281,33.760353088378906
282,16.84915542602539
283,20.027494430541992
284,11.688257217407227
285,29.43351173400879
286,11.751142501831055
287,11.24726676940918
288,31.91024398803711
289,23.53974151611328
290,21.530057907104492
291,35.20948791503906
292,35.92610168457031
293,10.99704647064209
294,37.74236297607422
295,21.366289138793945
296,24.726680755615234
297,19.112110137939453
298,50.10216522216797
299,32.462459564208984
300,18.284954071044922
301,58.709228515625
302,7.281528949737549
303,16.539371490478516
304,14.147171974182129
305,27.31297492980957
306,38.979286193847656
307,23.167316436767578
308,22.95415687561035
309,17.782421112060547
310,24.47840118408203
311,28.03519630432129
312,27.624845504760742
313,24.03948974609375
314,18.494731903076172
315,30.92462921142578
316,10.15964126586914
317,13.096678733825684
318,60.13899612426758
319,30.857315063476562
320,34.182594299316406
321,31.148698806762695
322,22.715789794921875
323,16.111452102661133
324,28.711685180664062
325,27.026378631591797
326,26.81511688232422
327,17.09379005432129
328,66.09005737304688
329,32.16029357910156
330,16.232276916503906
331,10.223380088806152
332,33.066001892089844
333,35.541839599609375
334,37.99746322631836
335,17.234355926513672
336,13.867691040039062
337,26.682645797729492
338,31.110309600830078
339,17.619529724121094
340,20.57880210876465
341,23.809030532836914
342,10.221097946166992
343,33.0726432800293
344,15.224403381347656
345,13.630215644836426
346,20.596359252929688
347,23.927967071533203
348,19.30564308166504
349,35.745914459228516
350,25.50878143310547
351,10.954031944274902
352,12.849367141723633
353,27.897268295288086
354,25.87473487854004
355,26.393749237060547
356,21.162639617919922
357,23.371171951293945
358,33.597537994384766
359,18.515987396240234
360,31.069902420043945
361,8.734084129333496
362,22.845325469970703
363,34.23065948486328
364,28.885311126708984
365,29.65032958984375
366,16.02186393737793
367,38.12438201904297
368,25.154521942138672
369,49.87596130371094
370,35.0827522277832
371,10.063051223754883
372,11.244095802307129
373,7.213777542114258
374,13.100101470947266
375,51.521629333496094
376,24.9962158203125
377,8.994402885437012
378,32.354515075683594
379,11.19214916229248
380,8.829837799072266
381,49.8075065612793
382,18.24901580810547
383,18.22093963623047
384,12.962007522583008
385,37.2516975402832
386,21.55811309814453
387,24.469606399536133
388,34.1534538269043
389,9.467310905456543
390,39.22250747680664
391,29.937076568603516
392,18.714019775390625
393,70.49427032470703
394,24.84918212890625
395,29.218229293823242
396,17.731760025024414
397,17.446229934692383
398,13.6346435546875
399,35.716087341308594
400,15.569379806518555
401,32.27989196777344
402,18.50746726989746
403,25.60953712463379
404,76.57072448730469
405,20.20030975341797
406,33.12743377685547
407,48.53150939941406
408,36.19255447387695
409,31.70444107055664
410,15.946287155151367
411,12.370716094970703
412,12.751618385314941
413,166.6175994873047
414,12.027936935424805
415,15.489168167114258
416,14.179383277893066
417,12.73251724243164
418,18.704044342041016
419,21.613557815551758
420,26.275306701660156
421,18.841516494750977
422,29.540863037109375
423,34.82965087890625
424,11.56003189086914
425,30.252620697021484
426,20.618370056152344
427,23.708147048950195
428,30.695995330810547
429,26.672142028808594
430,60.05881881713867
431,24.96961212158203
432,74.14176940917969
433,30.660186767578125
434,26.73141098022461
435,16.12135124206543
436,18.812747955322266
437,85.78814697265625
438,52.192317962646484
439,41.636505126953125
440,39.111289978027344
441,23.296911239624023
442,11.175640106201172
443,23.19780921936035
444,25.460216522216797
445,40.96089172363281
446,51.08320999145508
447,19.40087127685547
448,20.53498649597168
449,48.217830657958984
450,48.16828155517578
451,8.646560668945312
452,23.330080032348633
453,31.866188049316406
454,34.190494537353516
455,26.34762191772461
456,41.320167541503906
457,24.821949005126953
458,28.725189208984375
459,18.421188354492188
460,18.553749084472656
461,17.65883445739746
462,21.55638885498047
463,27.679141998291016
464,24.870391845703125
465,55.103179931640625
466,15.898669242858887
467,14.203035354614258
468,25.035438537597656
469,55.72889709472656
470,63.06501770019531
471,17.585655212402344
472,43.52741622924805
473,39.48814392089844
474,7.213995933532715
475,43.97602081298828
476,21.9813232421875
477,50.302581787109375
478,27.323837280273438
479,20.733028411865234
480,26.067441940307617
481,26.644121170043945
482,17.7775821685791
483,54.5627555847168
484,16.34754753112793
485,38.48091506958008
486,15.462506294250488
487,14.85033130645752
488,18.473262786865234
489,19.862699508666992
490,43.813072204589844
491,33.092769622802734
492,35.88490295410156
493,66.61347198486328
494,34.355140686035156
495,44.646087646484375
496,25.253936767578125
497,25.69296646118164
498,15.676308631896973
499,40.930824279785156
500,48.327659606933594
501,46.462867736816406
502,37.07090377807617
503,9.622650146484375
504,40.787723541259766
505,44.52833938598633
506,46.91714859008789
507,23.920833587646484
508,23.005088806152344
509,57.88531494140625
510,25.74053382873535
511,23.91707992553711
512,31.676401138305664
513,28.724573135375977
514,31.700153350830078
515,34.63335037231445
516,19.67075538635254
517,27.670541763305664
518,63.02104187011719
519,50.33003234863281
520,18.01970100402832
521,57.61585235595703
522,18.588218688964844
523,27.359710693359375
524,18.840808868408203
525,82.89464569091797
526,60.92850112915039
527,35.73664855957031
528,23.621665954589844
529,24.108522415161133
530,50.2249755859375
531,27.217445373535156
532,55.14202117919922
533,31.657085418701172
534,30.2896728515625
535,50.76341247558594
536,37.89728546142578
537,8.261585235595703
538,41.91658020019531
539,34.06899642944336
540,12.847101211547852
541,25.124807357788086
542,65.33973693847656
543,21.52884864807129
544,57.25288772583008
545,15.518301010131836
546,89.01828002929688
547,26.653860092163086
548,87.57038879394531
549,35.72422790527344
550,41.232173919677734
551,26.8405818939209
552,43.7427864074707
553,177.54896545410156
554,82.48661804199219
555,94.26949310302734
556,22.49089241027832
557,58.485294342041016
558,68.01313781738281
559,31.7679443359375
560,158.34226989746094
561,49.83721160888672
562,149.67442321777344
563,53.69342803955078
564,27.237035751342773
565,35.77555465698242
566,46.65239715576172
567,65.39389038085938
568,39.6124267578125
569,33.25370788574219
570,46.90064239501953
571,66.64949798583984
572,41.01639938354492
573,64.20193481445312
574,11.741667747497559
575,51.94590377807617
576,116.05169677734375
577,70.98811340332031
578,37.65882110595703
579,30.13666534423828
580,38.401588439941406
581,22.393030166625977
582,57.94916915893555
583,18.96591567993164
584,29.22738265991211
585,70.17479705810547
586,17.237056732177734
587,62.920597076416016
588,25.925668716430664
589,30.125904083251953
590,40.7224006652832
591,27.43572998046875
592,37.323143005371094
593,31.16488265991211
594,17.337722778320312
595,65.33932495117188
596,30.573654174804688
597,1012.4779052734375
598,36.96520233154297
599,44.96681594848633
600,82.97262573242188
601,48.99208450317383
602,58.711883544921875
603,67.10980224609375
604,21.81080436706543
605,34.45686340332031
606,40.4309196472168
607,79.28583526611328
608,22.94255828857422
609,85.9102554321289
610,31.654062271118164
611,91.78279113769531
612,21.570514678955078
613,67.51339721679688
614,69.07991027832031
615,25.585355758666992
616,111.56745910644531
617,395.1172790527344
618,52.54640579223633
619,313.80389404296875
620,39.87732696533203
621,54.180789947509766
622,43.52579116821289
623,187.17710876464844
624,26.09524154663086
625,45.154876708984375
626,92.13640594482422
627,21.277851104736328
628,37.20768737792969
629,40.943992614746094
630,28.0466251373291
631,27.629602432250977
632,65.86579895019531
633,55.564208984375
634,45.261558532714844
635,47.045494079589844
636,41.98891830444336
637,30.827392578125
638,19.927642822265625
639,404.77374267578125
640,56.6859245300293
641,62.18067932128906
642,22.40362548828125
643,59.31073760986328
644,21.47490692138672
645,47.42231369018555
646,44.984764099121094
647,89.99581146240234
648,986.7550659179688
649,38.35606002807617
650,87.41248321533203
651,49.73573684692383
652,12.053875923156738
653,32.50960922241211
654,85.1692886352539
655,39.334190368652344
656,33.238956451416016
657,25.218706130981445
658,38.60993957519531
659,57.770259857177734
660,21.28016471862793
661,42.07463455200195
662,37.44938659667969
663,41.66002655029297
664,39.56343078613281
665,34.570465087890625
666,38.12685012817383
667,46.12086486816406
668,90.8213119506836
669,57.77607345581055
670,33.19986343383789
671,34.45991134643555
672,66.62203216552734
673,58.53192901611328
674,58.1054573059082
675,197.0767822265625
676,52.185672760009766
677,83.6179428100586
678,50.4281120300293
679,330.7335205078125
680,61.7298469543457
681,67.36216735839844
682,30.534748077392578
683,95.59644317626953
684,67.21705627441406
685,160.54080200195312
686,492.79266357421875
687,689.8945922851562
688,358.8130798339844
689,146.35597229003906
690,96.13558959960938
691,36.27732849121094
692,155.38327026367188
693,101.63175201416016
694,69.19921112060547
695,102.35218811035156
696,34.00121307373047
697,17.966623306274414
698,99.06432342529297
699,215.80020141601562
700,118.12744903564453
701,43.72621154785156
702,58.359771728515625
703,42.83899688720703
704,156.1071319580078
705,26.486858367919922
706,136.29104614257812
707,41.41709899902344
708,96.42422485351562
709,118.48677825927734
710,17.349102020263672
711,177.56912231445312
712,29.838191986083984
713,52.196861267089844
714,58.40768814086914
715,126.26319885253906
716,65.27806091308594
717,72.25672912597656
718,32.402076721191406
719,39.11916732788086
720,40.74281311035156
721,767.9712524414062
722,40.072574615478516
723,51.799827575683594
724,268.9104309082031
725,178.30221557617188
726,80.21062469482422
727,138.00828552246094
728,34.89177703857422
729,80.0810775756836
730,35.647830963134766
731,52.1663818359375
732,45.810272216796875
733,143.45152282714844
734,286.6507263183594
735,90.50070190429688
736,119.0892562866211
737,76.36510467529297
738,16.88855743408203
739,44.11292266845703
740,31.996408462524414
741,191.93359375
742,38.166221618652344
743,53.98967361450195
744,87.48950958251953
745,207.2792205810547
746,29.275896072387695
747,60.910240173339844
748,112.79298400878906
749,160.87472534179688
750,306.6296081542969
751,261.9903259277344
752,95.02630615234375
753,257.7829284667969
754,150.86740112304688
755,233.6278839111328
756,250.89968872070312
757,24.411762237548828
758,35.530826568603516
759,40.57096862792969
760,223.3826141357422
761,56.137786865234375
762,536.8110961914062
763,57.09293746948242
764,77.05067443847656
765,346.093505859375
766,79.03315734863281
767,53.71724319458008
768,121.03550720214844
769,490.1120910644531
770,15.76225471496582
771,375.1893615722656
772,180.05848693847656
773,173.58091735839844
774,82.53715515136719
775,39.51283645629883
776,25.652572631835938
777,123.34657287597656
778,36.531333923339844
779,82.7391128540039
780,301.7794189453125
781,37.82767105102539
782,83.6200942993164
783,177.808349609375
784,54.896427154541016
785,75.17567443847656
786,60.884578704833984
787,103.4085693359375
788,86.20144653320312
789,123.3278579711914
790,491.94195556640625
791,49.49469757080078
792,94.32865142822266
793,149.70640563964844
794,36.8623161315918
795,69.99899291992188
796,210.78350830078125
797,541.8706665039062
798,225.84259033203125
799,372.75506591796875
800,106.42024230957031
801,86.87239074707031
802,114.1292495727539
803,297.78607177734375
804,394.3616943359375
805,190.37051391601562
806,313.37310791015625
807,64.37928771972656
808,76.80867767333984
809,64.69892120361328
810,105.12947845458984
811,584.6963500976562
812,137.20372009277344
813,32.897605895996094
814,107.33940124511719
815,191.78506469726562
816,124.09764099121094
817,37.45970916748047
818,66.86434173583984
819,697.4488525390625
820,108.32042694091797
821,179.11819458007812
822,87.58047485351562
823,28.7420654296875
824,38.15455627441406
825,95.13947296142578
826,182.7765655517578
827,224.96112060546875
828,106.0389633178711
829,319.094482421875
830,65.57594299316406
831,153.30419921875
832,377.72198486328125
833,29.254417419433594
834,195.33682250976562
835,229.75965881347656
836,122.63958740234375
837,116.04044342041016
838,122.20884704589844
839,59.63692092895508
840,117.0077133178711
841,491.03741455078125
842,41.72817611694336
843,186.91171264648438
844,37.93570327758789
845,1160.9859619140625
846,31.774900436401367
847,384.043212890625
848,173.455322265625
849,239.67239379882812
850,41.518638610839844
851,130.3286590576172
852,204.75704956054688
853,136.10496520996094
854,55.21833038330078
855,57.20259475708008
856,294.6846618652344
857,34.83823013305664
858,72.29239654541016
859,365.81719970703125
860,91.52610778808594
861,73.8520736694336
862,50.32874298095703
863,126.37399291992188
864,306.27923583984375
865,141.0144500732422
866,399.6044006347656
867,35.844703674316406
868,45.09972381591797
869,200.3610382080078
870,1035.8414306640625
871,133.54074096679688
872,267.75067138671875
873,156.39340209960938
874,47.01072692871094
875,236.9579315185547
876,171.46115112304688
877,285.019775390625
878,1719.91845703125
879,699.0438232421875
880,112.37474060058594
881,253.14364624023438
882,153.28167724609375
883,70.32221221923828
884,242.55615234375
885,91.58197784423828
886,108.498779296875
887,132.78585815429688
888,221.72560119628906
889,129.32907104492188
890,173.1466827392578
891,49.862403869628906
892,93.25776672363281
893,351.6711730957031
894,412.58013916015625
895,87.13005828857422
896,1596.8419189453125
897,183.14996337890625
898,273.6524658203125
899,80.29866790771484
900,88.68529510498047
901,107.49051666259766
902,159.99371337890625
903,300.62677001953125
904,40.78358840942383
905,390.6495056152344
906,74.77588653564453
907,110.21223449707031
908,94.55803680419922
909,190.0826873779297
910,271.0936584472656
911,104.07437133789062
912,260.6293640136719
913,208.010986328125
914,137.4104766845703
915,96.74256896972656
916,217.99801635742188
917,131.1863250732422
918,200.29302978515625
919,411.0519104003906
920,60.03959655761719
921,165.44151306152344
922,87.64904022216797
923,425.56365966796875
924,155.39608764648438
925,71.93390655517578
926,83.9872055053711
927,310.679931640625
928,133.1764678955078
929,80.79711151123047
930,85.7286605834961
931,152.89451599121094
932,278.5457763671875
933,151.12806701660156
934,225.3655548095703
935,202.57542419433594
936,141.29258728027344
937,80.00726318359375
938,228.81065368652344
939,89.4506607055664
940,81.05831146240234
941,281.8609924316406
942,128.8378448486328
943,261.9827880859375
944,108.45849609375
945,118.41064453125
946,263.2563781738281
947,103.5760726928711
948,322.6381530761719
949,121.94496154785156
950,106.79390716552734
951,79.86309051513672
952,333.03265380859375
953,86.77471923828125
954,238.23245239257812
955,59.114837646484375
956,198.1394805908203
957,92.4242172241211
958,121.08063507080078
959,377.34283447265625
960,155.56832885742188
961,139.8719482421875
962,185.15077209472656
963,152.07862854003906
964,527.548095703125
965,77.15531921386719
966,149.8762969970703
967,67.68132019042969
968,142.52874755859375
969,181.56155395507812
970,43.08649444580078
971,101.49710845947266
972,824.9320068359375
973,165.5811004638672
974,138.91172790527344
975,209.1923065185547
976,190.4701690673828
977,179.01341247558594
978,83.57601928710938
979,281.4303283691406
980,178.47012329101562
981,117.11822509765625
982,177.05648803710938
983,163.72926330566406
984,82.53913879394531
985,59.647300720214844
986,77.04666137695312
987,220.72238159179688
988,143.32835388183594
989,78.19405364990234
990,51.075294494628906
991,361.54022216796875
992,161.28013610839844
993,100.87580108642578
994,92.33123779296875
995,256.25933837890625
996,187.583251953125
997,134.12918090820312
998,84.59098052978516
999,203.2461395263672
1000,139.93325805664062
1001,102.00830078125
1002,192.39395141601562
1003,161.95590209960938
1004,124.15812683105469
1005,162.19895935058594
1006,762.3474731445312
1007,202.3733673095703
1008,765.5283813476562
1009,234.50022888183594
1010,418.3028564453125
1011,638.0404663085938
1012,622.4171142578125
1013,1830.797607421875
1014,1809.9658203125
1015,290.2357482910156
1016,346.95489501953125
1017,250.07278442382812
1018,1101.3465576171875
1019,472.14483642578125
1020,434.76593017578125
1021,413.1604919433594
1022,543.4971923828125
1023,690.700927734375
1024,3679.13330078125
1025,697.2393798828125
1026,1999.84228515625
1027,1241.6435546875
1028,1578.4378662109375
1029,1253.356689453125
1030,1930.96875
1031,3015.815185546875
1032,2013.537841796875
1033,2192.49853515625
1034,3253.60302734375
1035,3297.31103515625
1036,3665.083251953125
1037,10712.982421875
1038,4245.1513671875
1039,10056.68359375
1040,12445.7978515625
1041,25740.470703125
1042,15758.154296875
1043,13307.7294921875
1044,22686.462890625
1045,18210.224609375
1046,29287.287109375
1047,30443.384765625
1048,29364.77734375
1049,35340.97265625
1050,64917.12109375
1051,33184.07421875
1052,53221.80859375
1053,60534.83984375
1054,58253.0234375
1055,39788.01953125
1056,83010.9453125
1057,86820.4453125
1058,101109.7578125
1059,90828.1171875
1060,70048.9296875
1061,79430.2421875
1062,101803.34375
1063,86384.5234375
1064,59486.19921875
1065,130834.8359375
1066,99733.5234375
1067,244587.1875
1068,149795.171875
1069,191467.71875
1070,169746.46875
1071,160378.9375
1072,187798.1875
1073,83469.59375
1074,189857.96875
1075,411686.4375
1076,165448.765625
1077,227873.578125
1078,495122.75
1079,321361.3125
1080,161650.828125
1081,171878.953125
1082,148237.875
1083,176947.515625
1084,480027.78125
1085,118971.7890625
1086,190536.34375
1087,245960.875
1088,649721.5
1089,281139.09375
1090,232660.296875
1091,215730.953125
1092,408500.125
1093,219074.75
1094,253774.796875
1095,138086.734375
1096,243575.578125
1097,382349.78125
1098,301590.34375
1099,382310.78125
1100,494105.8125
1101,304538.40625
1102,257739.546875
1103,330013.375
1104,227949.578125
1105,333491.46875
1106,308159.46875
1107,567651.4375
1108,317426.3125
1109,242284.578125
1110,444173.25
1111,246432.5625
1112,270922.6875
1113,251305.703125
1114,238578.984375
1115,355941.59375
1116,474859.71875
1117,239192.40625
1118,432665.5625
1119,373635.78125
1120,380713.1875
1121,535090.0
1122,300394.71875
1123,389794.8125
1124,564968.375
1125,512471.15625
1126,353477.9375
1127,405667.90625
1128,522297.09375
1129,485608.75
1130,507420.65625
1131,327497.875
1132,603499.0625
1133,911605.375
1134,537471.75
1135,477602.59375
1136,344784.40625
1137,348258.84375
1138,346760.75
1139,243840.578125
1140,317678.9375
1141,991155.75
1142,668154.875
1143,452560.5
1144,525050.875
1145,612415.1875
1146,485306.75
1147,396709.6875
1148,779903.1875
1149,398998.0
1150,355963.84375
1151,613768.5625
1152,1056043.25
1153,692940.0625
1154,656348.3125
1155,600720.25
1156,409964.5
1157,424893.40625
1158,580411.375
1159,361671.625
1160,391758.0
1161,737379.75
1162,475628.84375
1163,549822.75
1164,885529.4375
1165,1186646.125
1166,926914.375
1167,614295.0
1168,472289.8125
1169,807549.875
1170,448809.5
1171,633435.625
1172,559298.25
1173,657732.6875
1174,425230.9375
1175,1282325.125
1176,845624.875
1177,1472824.75
1178,1721784.75
1179,611310.5625
1180,1196997.25
1181,3507615.25
1182,575717.3125
1183,764802.25
1184,976656.8125
1185,539695.25
1186,482265.59375
1187,624100.5
1188,670256.8125
1189,728358.1875
1190,742471.0
1191,839407.0
1192,916590.3125
1193,593552.875
1194,1310772.375
1195,1086305.0
1196,718206.5625
1197,915398.625
1198,4778972.5
1199,594828.5625
1200,817748.8125
1201,718857.625
1202,995657.1875
1203,1409985.875
1204,575540.9375
1205,486754.0625
1206,927313.125
1207,1965608.75
1208,1577012.75
1209,834368.5
1210,1034285.75
1211,976085.875
1212,2861817.0
1213,904691.0625
1214,1077392.0
1215,681579.3125
1216,734817.3125
1217,848447.625
1218,644837.125
1219,2232979.0
1220,1220506.875
1221,2635542.75
1222,1030989.1875
1223,1205664.0
1224,1175541.0
1225,927077.375
1226,1339336.875
1227,1056203.5
1228,967879.5
1229,1247070.75
1230,1114634.5
1231,1091784.5
1232,2052026.0
1233,713836.25
1234,1235157.25
1235,1421625.625
1236,869102.6875
1237,1915093.75
1238,879291.5625
1239,1000017.625
1240,956247.25
1241,592928.3125
1242,1037866.8125
1243,1622948.75
1244,1425235.875
1245,2827547.25
1246,971448.625
1247,3541832.5
1248,832204.375
1249,1066102.625
1250,2135717.5
1251,1097838.875
1252,1097038.25
1253,2504595.5
1254,1434200.5
1255,1687558.125
1256,1881561.25
1257,1712414.375
1258,1260050.875
1259,2999113.75
1260,2459977.0
1261,972453.4375
1262,1410999.375
1263,1858444.375
1264,1460693.875
1265,2372430.5
1266,3975470.25
1267,2240182.25
1268,4609201.5
1269,1565986.625
1270,1178952.125
1271,2256520.0
1272,1353010.25
1273,7565330.5
1274,2590951.5
1275,4693239.0
1276,3415099.0
1277,3158655.75
1278,1643991.375
1279,2305082.5
1280,2286483.25
1281,1540884.875
1282,1510709.75
1283,1588088.375
1284,1772260.625
1285,1566522.125
1286,1621937.0
1287,1094940.5
1288,2689905.25
1289,2549985.5
1290,2390209.75
1291,5315202.0
1292,3538051.25
1293,3069661.0
1294,3079737.25
1295,1915228.25
1296,2986577.25
1297,5724481.5
1298,1718135.375
1299,3560095.25
1300,2190860.0
1301,4534969.5
1302,6583539.5
1303,6001946.5
1304,2890181.25
1305,1980987.625
1306,3648650.5
1307,4449693.0
1308,2520341.75
1309,2114201.0
1310,1714858.75
1311,3262400.5
1312,4255462.0
1313,1921166.125
1314,2688565.75
1315,1932835.25
1316,1905157.75
1317,1798629.5
1318,4544226.0
1319,5501081.5
1320,3476800.75
1321,2379317.75
1322,4731902.0
1323,2863020.75
1324,4183621.25
1325,3072097.75
1326,1919162.375
1327,2353584.25
1328,2292895.5
1329,2535534.75
1330,1978609.125
1331,2468912.0
1332,3140052.0
1333,1935250.5
1334,3506131.75
1335,1917311.625
1336,2963160.25
1337,2755250.75
1338,4365397.0
1339,3047077.25
1340,1639834.875
1341,3608118.75
1342,5174239.5
1343,3614728.5
1344,2820224.25
1345,1677176.375
1346,3339198.0
1347,2118548.0
1348,1925833.5
1349,2956841.0
1350,4333565.5
1351,4049965.25
1352,1912653.75
1353,2661630.25
1354,1373226.25
1355,1670963.375
1356,2037385.5
1357,1361754.375
1358,2202769.0
1359,1901846.25
1360,4403688.5
1361,4752341.0
1362,4270266.5
1363,4318785.5
1364,1866283.125
1365,1406001.625
1366,1459951.375
1367,2365992.25
1368,1674516.25
1369,1545105.625
1370,2015388.75
1371,1756887.25
1372,2194865.5
1373,3525035.0
1374,6845402.0
1375,5571368.5
1376,2821759.75
1377,2188243.75
1378,1461208.25
1379,1866617.25
1380,8801560.0
1381,2521542.5
1382,1484359.625
1383,2741020.75
1384,3457273.25
1385,3446920.75
1386,1756124.625
1387,1978429.875
1388,3297101.0
1389,1501272.875
1390,1651525.125
1391,3471943.0
1392,1547384.75
1393,2875399.25
1394,1727493.125
1395,1476644.25
1396,1096233.0
1397,1376585.375
1398,5947351.5
1399,1292875.0
1400,3471888.25
1401,2391864.75
1402,1550318.0
1403,4062094.5
1404,1210804.25
1405,6204367.0
1406,4678215.5
1407,1726673.625
1408,2295206.0
1409,5503307.0
1410,1090885.5
1411,1344412.75
1412,1388929.125
1413,1223080.125
1414,1712968.875
1415,2188748.25
1416,2388614.75
1417,943902.5625
1418,2307169.25
1419,4201266.5
1420,4903803.5
1421,960828.9375
1422,989236.6875
1423,658203.875
1424,788987.875
1425,1275637.75
1426,500696.125
1427,3802422.5
1428,852077.625
1429,2118972.5
1430,1141808.375
1431,4127753.25
1432,574591.6875
1433,3094460.5
1434,677084.5625
1435,794406.5625
1436,999375.6875
1437,5107654.0
1438,4890304.5
1439,3653079.5
1440,486933.1875
1441,389956.96875
1442,962828.0
1443,283569.40625
1444,178565.125
1445,386861.84375
1446,226331.9375
1447,186415.46875
1448,233515.859375
1449,318439.0
1450,273149.59375
1451,230599.375
1452,153690.765625
1453,166666.734375
1454,130421.5546875
1455,93508.078125
1456,118002.0234375
1457,126147.1640625
1458,96033.7265625
1459,132470.765625
1460,74138.796875
1461,84977.390625
1462,85643.4609375
1463,100284.2734375
1464,63073.16015625
1465,115328.2109375
1466,56024.21484375
1467,33048.44140625
1468,46270.375
1469,61489.08984375
1470,26517.376953125
1471,23902.68359375
1472,18800.06640625
1473,27280.92578125
1474,31661.0
1475,29540.431640625
1476,18564.837890625
1477,14781.0107421875
1478,12530.20703125
1479,15270.6826171875
1480,11357.7099609375
1481,10893.615234375
1482,8546.388671875
1483,16353.8583984375
1484,13818.8154296875
1485,14450.4462890625
1486,13238.87890625
1487,13574.0380859375
1488,14563.5888671875
1489,12747.9912109375
1490,16710.357421875
1491,17920.953125
1492,18762.865234375
1493,20524.8359375
1494,21781.736328125
1495,20937.384765625
1496,23429.875
1497,22171.685546875
1498,27758.2265625
1499,23602.6484375
1500,20654.380859375
1501,25010.19140625
1502,23403.556640625
1503,25606.310546875
1504,24667.36328125
1505,29330.677734375
1506,26764.935546875
1507,25408.109375
1508,27026.109375
1509,27314.322265625
1510,23577.388671875
1511,27769.91015625
1512,30352.5703125
1513,25560.265625
1514,22701.4921875
1515,29359.994140625
1516,22963.48828125
1517,33030.1796875
1518,28626.20703125
1519,45938.82421875
1520,28589.509765625
1521,29049.845703125
1522,30093.23828125
1523,27549.671875
1524,31335.357421875
1525,32923.8203125
1526,47923.046875
1527,26060.4453125
1528,36257.0546875
1529,32432.154296875
1530,31310.69140625
1531,31762.849609375
1532,32096.205078125
1533,30381.060546875
1534,38263.359375
1535,35389.8046875
1536,37474.2890625
1537,39416.234375
1538,63140.4453125
1539,36898.1484375
1540,36710.1796875
1541,35790.8671875
1542,35782.46484375
1543,32724.041015625
1544,45991.921875
1545,30803.923828125
1546,33074.87109375
1547,39505.12109375
1548,46599.3203125
1549,44506.03125
1550,54206.5
1551,40182.19140625
1552,39477.26953125
1553,41542.28515625
1554,49255.7890625
1555,54673.86328125
1556,48598.125
1557,45574.44140625
1558,55411.61328125
1559,48973.46484375
1560,53478.7578125
1561,49227.30078125
1562,53298.0703125
1563,51417.09375
1564,48668.53125
1565,56992.078125
1566,52680.37109375
1567,42104.03125
1568,65165.45703125
1569,40710.88671875
1570,40832.57421875
1571,42767.875
1572,45326.2265625
1573,41764.8828125
1574,40361.00390625
1575,48484.7578125
1576,43286.30859375
1577,45399.3046875
1578,77668.6171875
1579,49755.3203125
1580,52733.29296875
1581,47335.48828125
1582,42443.5390625
1583,54123.171875
1584,45504.3671875
1585,39041.046875
1586,50005.46484375
1587,45793.1328125
1588,53712.1484375
1589,46591.9765625
1590,48695.33984375
1591,42876.6171875
1592,52283.58203125
1593,46290.33984375
1594,40560.94921875
1595,48703.33203125
1596,42279.8203125
1597,47891.0
1598,47604.44140625
1599,64451.359375
1600,56894.4140625
1601,66023.390625
1602,76481.6796875
1603,62021.9453125
1604,52730.21484375
1605,61853.3203125
1606,66681.8125
1607,59121.75
1608,56745.53515625
1609,57361.890625
1610,58580.5
1611,51212.5546875
1612,56910.04296875
1613,58988.22265625
1614,60691.515625
1615,55828.91015625
1616,58030.80859375
1617,49037.8515625
1618,43575.171875
1619,50965.31640625
1620,53562.6328125
1621,60413.765625
1622,69362.9609375
1623,45336.91796875
1624,49582.48046875
1625,51754.828125
1626,60654.2578125
1627,62948.140625
1628,64148.7109375
1629,65420.97265625
1630,1709699.0
1631,128568.859375
1632,92658.5078125
1633,455679.0625
1634,57254.3125
1635,704648.9375
1636,270763.96875
1637,63591.70703125
1638,54335.4140625
1639,1733291.5
1640,636362.625
1641,151554.34375
1642,33857.9296875
1643,671578.0625
1644,719972.1875
1645,1594125.375
1646,37670.84765625
1647,648029.4375
1648,39439.4140625
1649,219223.3125
1650,214980.234375
1651,31451.728515625
1652,128758.8046875
1653,25626.548828125
1654,130025.4296875
1655,383966.65625
1656,25326.083984375
1657,43420.5
1658,258670.6875
1659,42048.453125
1660,101167.8984375
1661,1207584.5
1662,122190.7734375
1663,569411.25
1664,272012.5625
1665,54879.09765625
1666,116899.7421875
1667,188210.546875
1668,989685.0
1669,146959.453125
1670,907898.3125
1671,29282.556640625
1672,194694.9375
1673,34977.2734375
1674,27335.08984375
1675,129069.7109375
1676,561710.5
1677,98053.4375
1678,33398.796875
1679,1597139.0
1680,260992.328125
1681,28536.162109375
1682,135623.703125
1683,330337.0625
1684,217970.03125
1685,28868.40625
1686,232322.25
1687,314555.21875
1688,466937.84375
1689,26381.2109375
1690,236202.078125
1691,355923.84375
1692,82673.453125
1693,247880.75
1694,638147.0
1695,281890.3125
1696,582459.875
1697,449393.28125
1698,780983.25
1699,31866.1171875
1700,565415.375
1701,113586.5546875
1702,66311.328125
1703,216239.046875
1704,123122.03125
1705,126855.9140625
1706,160430.296875
1707,47516.66796875
1708,380469.90625
1709,196525.9375
1710,274258.59375
1711,998846.125
1712,86452.484375
1713,229635.3125
1714,208216.1875
1715,198084.703125
1716,220166.875
1717,352336.5
1718,245786.96875
1719,645060.125
1720,132784.5
1721,136964.734375
1722,322296.4375
1723,35811.2890625
1724,549860.9375
1725,264448.59375
1726,225078.765625
1727,287433.5625
1728,415147.78125
1729,192856.96875
1730,1079817.875
1731,475857.03125
1732,1075578.375
1733,270605.6875
1734,277453.0625
1735,120502.1484375
1736,117425.65625
1737,1113986.5
1738,574475.4375
1739,84953.734375
1740,130658.703125
1741,97822.203125
1742,529917.125
1743,468762.28125
1744,59719.171875
1745,771766.1875
1746,470691.5625
1747,327280.5625
1748,548778.5
1749,39883.3671875
1750,335938.9375
1751,532755.75
1752,232030.578125
1753,39482.484375
1754,232776.171875
1755,126540.234375
1756,554073.8125
1757,354735.9375
1758,90056.0
1759,198762.625
1760,90040.53125
1761,226053.390625
1762,432860.65625
1763,233256.09375
1764,1006726.375
1765,1263436.75
1766,224783.984375
1767,220973.78125
1768,132225.796875
1769,110824.84375
1770,1094572.25
1771,314762.5625
1772,39314.1484375
1773,76556.1875
1774,439717.875
1775,751178.375
1776,183550.265625
1777,71667.75
1778,248612.890625
1779,84173.4375
1780,1041903.4375
1781,222611.28125
1782,227018.171875
1783,111579.671875
1784,635891.875
1785,177344.5625
1786,328091.4375
1787,1130948.75
1788,167123.9375
1789,165050.78125
1790,280731.375
1791,415307.53125
1792,331703.1875
1793,32857.9921875
1794,90100.5234375
1795,49695.41015625
1796,418718.75
1797,87795.3671875
1798,264869.90625
1799,130102.1484375
1800,930740.375
1801,174621.09375
1802,161168.921875
1803,362132.75
1804,973130.25
1805,33937.88671875
1806,269195.5625
1807,114221.625
1808,1015871.625
1809,472760.34375
1810,268730.03125
1811,34944.56640625
1812,263583.15625
1813,150556.375
1814,316019.09375
1815,457996.46875
1816,239263.59375
1817,1171669.0
1818,172752.53125
1819,496794.1875
1820,800824.25
1821,308817.9375
1822,1411977.375
1823,214396.59375
1824,352328.0625
1825,283162.3125
1826,1110495.25
1827,532969.625
1828,132259.03125
1829,369170.40625
1830,372421.53125
1831,1162604.125
1832,234512.15625
1833,488424.6875
1834,258196.421875
1835,959697.8125
1836,694870.0
1837,112689.3125
1838,159160.375
1839,1248386.25
1840,175995.765625
1841,344304.8125
1842,263405.0625
1843,851681.6875
1844,242007.953125
1845,719067.0
1846,84592.2265625
1847,756147.6875
1848,703836.125
1849,221346.109375
1850,127898.203125
1851,847552.375
1852,96394.046875
1853,262563.15625
1854,642766.625
1855,482433.6875
1856,249093.453125
1857,170591.5625
1858,585548.875
1859,607105.25
1860,158372.46875
1861,218728.703125
1862,309581.1875
1863,759000.4375
1864,276141.875
1865,343482.0
1866,257892.453125
1867,165213.25
1868,343394.8125
1869,249303.359375
1870,164950.484375
1871,1006380.1875
1872,243878.375
1873,199886.25
1874,1759367.75
1875,1406841.75
1876,142992.21875
1877,250120.984375
1878,85401.09375
1879,141341.421875
1880,147726.140625
1881,518595.1875
1882,250704.578125
1883,283649.1875
1884,216004.765625
1885,70957.4140625
1886,147677.3125
1887,164603.609375
1888,219878.421875
1889,148413.53125
1890,967769.5
1891,227834.0625
1892,252530.28125
1893,79510.046875
1894,186175.71875
1895,889428.1875
1896,239027.6875
1897,305228.4375
1898,103257.328125
1899,1615901.875
1900,191601.21875
1901,262296.4375
1902,230304.71875
1903,104630.421875
1904,236591.078125
1905,227620.40625
1906,351998.5
1907,142612.5
1908,195399.6875
1909,287852.46875
1910,50834.66015625
1911,275307.8125
1912,320300.65625
1913,994004.0
1914,305930.9375
1915,115369.0390625
1916,163950.78125
1917,557815.5625
1918,121782.4375
1919,133077.453125
1920,164973.71875
1921,321848.5625
1922,939882.6875
1923,109905.8515625
1924,100608.578125
1925,325710.84375
1926,844903.8125
1927,157293.359375
1928,977718.8125
1929,265614.46875
1930,171249.390625
1931,271268.15625
1932,171856.125
1933,137742.390625
1934,155489.390625
1935,144575.1875
1936,323082.40625
1937,515586.21875
1938,177095.09375
1939,261502.78125
1940,162240.453125
1941,92567.2109375
1942,339996.4375
1943,448932.4375
1944,410360.15625
1945,196449.53125
1946,112023.0
1947,78556.84375
1948,206917.40625
1949,135667.96875
1950,257592.640625
1951,150175.40625
1952,247057.65625
1953,140059.984375
1954,80056.4375
1955,1364316.625
1956,265142.90625
1957,524565.625
1958,288465.59375
1959,989544.125
1960,428074.3125
1961,297824.71875
1962,347647.625
1963,212765.21875
1964,128447.0859375
1965,119452.640625
1966,180130.65625
1967,289625.625
1968,89660.1171875
1969,126914.0390625
1970,284005.375
1971,325537.28125
1972,516390.0
1973,115801.890625
1974,949714.125
1975,547929.0
1976,112600.625
1977,300542.4375
1978,271311.3125
1979,1087810.125
1980,434787.78125
1981,178739.453125
1982,264804.46875
1983,165602.109375
1984,224245.828125
1985,207965.203125
1986,470974.09375
1987,206849.984375
1988,147315.4375
1989,226466.0625
1990,169518.828125
1991,177853.171875
1992,208159.53125
1993,262723.78125
1994,507090.65625
1995,230004.953125
1996,226996.25
1997,386365.84375
1998,177663.4375
1999,438808.0625
