,rewards
0,50.0
1,9.0
2,9.0
3,21.0
4,9.0
5,10.0
6,27.0
7,9.0
8,9.0
9,11.0
10,10.0
11,9.0
12,38.0
13,11.0
14,21.0
15,27.0
16,18.0
17,15.0
18,18.0
19,23.0
20,21.0
21,9.0
22,23.0
23,30.0
24,13.0
25,9.0
26,22.0
27,33.0
28,61.0
29,41.0
30,33.0
31,39.0
32,25.0
33,24.0
34,34.0
35,29.0
36,11.0
37,12.0
38,23.0
39,46.0
40,22.0
41,25.0
42,29.0
43,30.0
44,27.0
45,16.0
46,21.0
47,20.0
48,18.0
49,16.0
50,10.0
51,40.0
52,23.0
53,21.0
54,30.0
55,42.0
56,51.0
57,31.0
58,29.0
59,24.0
60,21.0
61,12.0
62,25.0
63,33.0
64,10.0
65,33.0
66,21.0
67,23.0
68,16.0
69,28.0
70,25.0
71,30.0
72,25.0
73,29.0
74,53.0
75,13.0
76,14.0
77,31.0
78,24.0
79,30.0
80,22.0
81,23.0
82,8.0
83,51.0
84,40.0
85,8.0
86,9.0
87,23.0
88,9.0
89,13.0
90,10.0
91,10.0
92,34.0
93,12.0
94,39.0
95,16.0
96,10.0
97,11.0
98,10.0
99,28.0
100,25.0
101,27.0
102,16.0
103,27.0
104,9.0
105,16.0
106,26.0
107,8.0
108,9.0
109,12.0
110,9.0
111,25.0
112,19.0
113,20.0
114,23.0
115,22.0
116,30.0
117,13.0
118,41.0
119,9.0
120,8.0
121,42.0
122,23.0
123,11.0
124,9.0
125,23.0
126,16.0
127,8.0
128,27.0
129,34.0
130,32.0
131,8.0
132,9.0
133,9.0
134,29.0
135,9.0
136,23.0
137,20.0
138,12.0
139,14.0
140,28.0
141,9.0
142,29.0
143,27.0
144,18.0
145,9.0
146,31.0
147,13.0
148,9.0
149,17.0
150,8.0
151,28.0
152,35.0
153,46.0
154,10.0
155,29.0
156,9.0
157,13.0
158,9.0
159,22.0
160,9.0
161,9.0
162,32.0
163,37.0
164,26.0
165,51.0
166,28.0
167,10.0
168,38.0
169,30.0
170,11.0
171,14.0
172,14.0
173,15.0
174,10.0
175,16.0
176,11.0
177,9.0
178,18.0
179,15.0
180,19.0
181,9.0
182,26.0
183,25.0
184,27.0
185,10.0
186,23.0
187,16.0
188,22.0
189,14.0
190,30.0
191,8.0
192,9.0
193,28.0
194,24.0
195,27.0
196,8.0
197,33.0
198,14.0
199,14.0
200,33.0
201,10.0
202,26.0
203,21.0
204,16.0
205,28.0
206,9.0
207,26.0
208,15.0
209,13.0
210,17.0
211,8.0
212,27.0
213,22.0
214,15.0
215,12.0
216,27.0
217,16.0
218,55.0
219,27.0
220,56.0
221,32.0
222,49.0
223,9.0
224,13.0
225,22.0
226,9.0
227,26.0
228,9.0
229,23.0
230,18.0
231,9.0
232,11.0
233,19.0
234,27.0
235,24.0
236,33.0
237,30.0
238,10.0
239,8.0
240,9.0
241,10.0
242,9.0
243,16.0
244,12.0
245,9.0
246,25.0
247,11.0
248,8.0
249,33.0
250,26.0
251,33.0
252,9.0
253,50.0
254,10.0
255,19.0
256,14.0
257,9.0
258,27.0
259,43.0
260,41.0
261,64.0
262,8.0
263,30.0
264,8.0
265,52.0
266,10.0
267,10.0
268,8.0
269,25.0
270,20.0
271,10.0
272,24.0
273,10.0
274,22.0
275,19.0
276,10.0
277,35.0
278,27.0
279,29.0
280,9.0
281,10.0
282,8.0
283,21.0
284,10.0
285,9.0
286,10.0
287,13.0
288,8.0
289,17.0
290,10.0
291,9.0
292,30.0
293,21.0
294,11.0
295,12.0
296,27.0
297,10.0
298,10.0
299,8.0
300,10.0
301,9.0
302,9.0
303,53.0
304,24.0
305,26.0
306,9.0
307,10.0
308,21.0
309,11.0
310,22.0
311,24.0
312,25.0
313,30.0
314,16.0
315,9.0
316,9.0
317,47.0
318,8.0
319,8.0
320,11.0
321,9.0
322,9.0
323,29.0
324,24.0
325,9.0
326,36.0
327,26.0
328,8.0
329,10.0
330,21.0
331,15.0
332,15.0
333,19.0
334,21.0
335,9.0
336,20.0
337,33.0
338,10.0
339,9.0
340,10.0
341,9.0
342,10.0
343,19.0
344,10.0
345,19.0
346,17.0
347,31.0
348,29.0
349,29.0
350,24.0
351,10.0
352,10.0
353,38.0
354,21.0
355,32.0
356,10.0
357,9.0
358,25.0
359,10.0
360,21.0
361,24.0
362,10.0
363,8.0
364,36.0
365,32.0
366,12.0
367,36.0
368,39.0
369,9.0
370,25.0
371,15.0
372,10.0
373,9.0
374,9.0
375,10.0
376,10.0
377,9.0
378,23.0
379,8.0
380,11.0
381,8.0
382,8.0
383,9.0
384,21.0
385,21.0
386,10.0
387,17.0
388,21.0
389,9.0
390,8.0
391,26.0
392,35.0
393,8.0
394,34.0
395,26.0
396,21.0
397,28.0
398,33.0
399,45.0
400,9.0
401,10.0
402,15.0
403,10.0
404,31.0
405,34.0
406,14.0
407,9.0
408,21.0
409,10.0
410,9.0
411,9.0
412,12.0
413,9.0
414,8.0
415,10.0
416,11.0
417,11.0
418,10.0
419,33.0
420,22.0
421,22.0
422,24.0
423,10.0
424,13.0
425,30.0
426,10.0
427,10.0
428,15.0
429,17.0
430,14.0
431,27.0
432,10.0
433,36.0
434,10.0
435,11.0
436,27.0
437,36.0
438,24.0
439,25.0
440,9.0
441,10.0
442,10.0
443,33.0
444,13.0
445,21.0
446,21.0
447,9.0
448,15.0
449,24.0
450,10.0
451,8.0
452,12.0
453,9.0
454,19.0
455,10.0
456,23.0
457,11.0
458,35.0
459,10.0
460,10.0
461,10.0
462,8.0
463,36.0
464,14.0
465,10.0
466,20.0
467,13.0
468,9.0
469,12.0
470,9.0
471,9.0
472,14.0
473,16.0
474,9.0
475,10.0
476,29.0
477,10.0
478,12.0
479,19.0
480,30.0
481,17.0
482,39.0
483,10.0
484,9.0
485,24.0
486,28.0
487,34.0
488,30.0
489,10.0
490,20.0
491,35.0
492,41.0
493,10.0
494,20.0
495,45.0
496,24.0
497,25.0
498,17.0
499,10.0
500,28.0
501,44.0
502,26.0
503,8.0
504,13.0
505,15.0
506,32.0
507,39.0
508,29.0
509,10.0
510,22.0
511,27.0
512,24.0
513,10.0
514,10.0
515,42.0
516,10.0
517,27.0
518,11.0
519,10.0
520,32.0
521,10.0
522,25.0
523,16.0
524,29.0
525,10.0
526,30.0
527,30.0
528,10.0
529,11.0
530,10.0
531,29.0
532,10.0
533,14.0
534,33.0
535,31.0
536,11.0
537,10.0
538,21.0
539,21.0
540,10.0
541,14.0
542,13.0
543,19.0
544,14.0
545,10.0
546,10.0
547,12.0
548,42.0
549,60.0
550,30.0
551,10.0
552,10.0
553,10.0
554,10.0
555,26.0
556,27.0
557,24.0
558,24.0
559,12.0
560,10.0
561,10.0
562,10.0
563,23.0
564,11.0
565,12.0
566,27.0
567,22.0
568,13.0
569,10.0
570,10.0
571,10.0
572,24.0
573,10.0
574,11.0
575,10.0
576,29.0
577,9.0
578,11.0
579,37.0
580,37.0
581,8.0
582,10.0
583,10.0
584,35.0
585,8.0
586,10.0
587,42.0
588,10.0
589,42.0
590,10.0
591,10.0
592,64.0
593,10.0
594,10.0
595,51.0
596,16.0
597,10.0
598,17.0
599,26.0
600,43.0
601,9.0
602,23.0
603,9.0
604,9.0
605,14.0
606,29.0
607,10.0
608,11.0
609,24.0
610,10.0
611,10.0
612,9.0
613,36.0
614,40.0
615,9.0
616,39.0
617,9.0
618,35.0
619,10.0
620,70.0
621,11.0
622,10.0
623,22.0
624,10.0
625,10.0
626,14.0
627,10.0
628,10.0
629,16.0
630,8.0
631,10.0
632,53.0
633,29.0
634,15.0
635,9.0
636,10.0
637,11.0
638,8.0
639,11.0
640,18.0
641,9.0
642,10.0
643,10.0
644,9.0
645,11.0
646,14.0
647,10.0
648,11.0
649,15.0
650,17.0
651,42.0
652,11.0
653,43.0
654,10.0
655,10.0
656,25.0
657,10.0
658,55.0
659,44.0
660,12.0
661,11.0
662,9.0
663,42.0
664,10.0
665,32.0
666,33.0
667,47.0
668,12.0
669,27.0
670,9.0
671,51.0
672,54.0
673,54.0
674,10.0
675,10.0
676,11.0
677,29.0
678,19.0
679,50.0
680,38.0
681,30.0
682,10.0
683,25.0
684,10.0
685,30.0
686,10.0
687,29.0
688,45.0
689,46.0
690,19.0
691,9.0
692,10.0
693,42.0
694,16.0
695,10.0
696,10.0
697,10.0
698,45.0
699,75.0
700,44.0
701,18.0
702,10.0
703,10.0
704,10.0
705,10.0
706,65.0
707,16.0
708,68.0
709,9.0
710,11.0
711,9.0
712,9.0
713,10.0
714,9.0
715,121.0
716,11.0
717,10.0
718,10.0
719,9.0
720,10.0
721,10.0
722,11.0
723,46.0
724,65.0
725,53.0
726,83.0
727,10.0
728,9.0
729,10.0
730,8.0
731,11.0
732,9.0
733,36.0
734,71.0
735,79.0
736,10.0
737,15.0
738,9.0
739,10.0
740,10.0
741,10.0
742,10.0
743,10.0
744,10.0
745,10.0
746,12.0
747,11.0
748,10.0
749,17.0
750,11.0
751,91.0
752,10.0
753,9.0
754,10.0
755,11.0
756,10.0
757,10.0
758,10.0
759,9.0
760,38.0
761,10.0
762,14.0
763,78.0
764,10.0
765,10.0
766,71.0
767,10.0
768,10.0
769,11.0
770,20.0
771,11.0
772,10.0
773,107.0
774,146.0
775,10.0
776,10.0
777,10.0
778,20.0
779,10.0
780,10.0
781,10.0
782,98.0
783,98.0
784,11.0
785,10.0
786,11.0
787,10.0
788,11.0
789,10.0
790,10.0
791,27.0
792,10.0
793,11.0
794,12.0
795,50.0
796,44.0
797,28.0
798,68.0
799,10.0
800,57.0
801,10.0
802,12.0
803,81.0
804,98.0
805,14.0
806,154.0
807,10.0
808,10.0
809,30.0
810,12.0
811,155.0
812,36.0
813,10.0
814,10.0
815,46.0
816,10.0
817,11.0
818,10.0
819,10.0
820,9.0
821,162.0
822,200.0
823,10.0
824,10.0
825,10.0
826,76.0
827,200.0
828,11.0
829,124.0
830,10.0
831,10.0
832,17.0
833,9.0
834,9.0
835,178.0
836,10.0
837,10.0
838,10.0
839,10.0
840,10.0
841,10.0
842,10.0
843,200.0
844,10.0
845,9.0
846,11.0
847,16.0
848,10.0
849,104.0
850,10.0
851,10.0
852,200.0
853,10.0
854,9.0
855,10.0
856,136.0
857,10.0
858,22.0
859,10.0
860,10.0
861,10.0
862,10.0
863,25.0
864,10.0
865,120.0
866,10.0
867,10.0
868,10.0
869,200.0
870,10.0
871,9.0
872,10.0
873,11.0
874,11.0
875,139.0
876,132.0
877,10.0
878,11.0
879,10.0
880,10.0
881,10.0
882,10.0
883,11.0
884,46.0
885,28.0
886,22.0
887,10.0
888,26.0
889,12.0
890,130.0
891,10.0
892,15.0
893,11.0
894,10.0
895,10.0
896,10.0
897,72.0
898,200.0
899,11.0
900,22.0
901,25.0
902,11.0
903,197.0
904,10.0
905,31.0
906,13.0
907,10.0
908,10.0
909,17.0
910,130.0
911,18.0
912,200.0
913,10.0
914,10.0
915,10.0
916,26.0
917,200.0
918,200.0
919,30.0
920,11.0
921,11.0
922,10.0
923,10.0
924,16.0
925,10.0
926,10.0
927,10.0
928,200.0
929,10.0
930,22.0
931,156.0
932,51.0
933,10.0
934,9.0
935,10.0
936,17.0
937,10.0
938,22.0
939,10.0
940,10.0
941,10.0
942,10.0
943,36.0
944,16.0
945,11.0
946,163.0
947,9.0
948,10.0
949,9.0
950,10.0
951,10.0
952,10.0
953,11.0
954,35.0
955,10.0
956,168.0
957,9.0
958,11.0
959,9.0
960,10.0
961,10.0
962,10.0
963,9.0
964,10.0
965,10.0
966,8.0
967,9.0
968,9.0
969,32.0
970,10.0
971,10.0
972,13.0
973,200.0
974,126.0
975,152.0
976,12.0
977,141.0
978,24.0
979,11.0
980,133.0
981,10.0
982,10.0
983,122.0
984,10.0
985,13.0
986,11.0
987,17.0
988,158.0
989,10.0
990,11.0
991,10.0
992,200.0
993,10.0
994,11.0
995,85.0
996,20.0
997,10.0
998,10.0
999,10.0
1000,11.0
1001,10.0
1002,10.0
1003,21.0
1004,20.0
1005,22.0
1006,18.0
1007,10.0
1008,11.0
1009,11.0
1010,9.0
1011,11.0
1012,27.0
1013,10.0
1014,10.0
1015,10.0
1016,11.0
1017,10.0
1018,11.0
1019,10.0
1020,10.0
1021,10.0
1022,10.0
1023,11.0
1024,10.0
1025,10.0
1026,11.0
1027,10.0
1028,11.0
1029,11.0
1030,11.0
1031,10.0
1032,10.0
1033,10.0
1034,10.0
1035,10.0
1036,9.0
1037,10.0
1038,10.0
1039,24.0
1040,17.0
1041,19.0
1042,10.0
1043,10.0
1044,22.0
1045,10.0
1046,15.0
1047,10.0
1048,10.0
1049,14.0
1050,13.0
1051,10.0
1052,15.0
1053,11.0
1054,9.0
1055,9.0
1056,9.0
1057,15.0
1058,10.0
1059,10.0
1060,14.0
1061,10.0
1062,11.0
1063,10.0
1064,10.0
1065,9.0
1066,10.0
1067,13.0
1068,10.0
1069,10.0
1070,19.0
1071,11.0
1072,11.0
1073,9.0
1074,10.0
1075,10.0
1076,11.0
1077,9.0
1078,10.0
1079,10.0
1080,17.0
1081,10.0
1082,9.0
1083,13.0
1084,12.0
1085,9.0
1086,11.0
1087,10.0
1088,11.0
1089,10.0
1090,10.0
1091,10.0
1092,9.0
1093,10.0
1094,11.0
1095,9.0
1096,10.0
1097,10.0
1098,9.0
1099,13.0
1100,15.0
1101,10.0
1102,10.0
1103,10.0
1104,10.0
1105,10.0
1106,10.0
1107,9.0
1108,13.0
1109,9.0
1110,10.0
1111,9.0
1112,10.0
1113,10.0
1114,11.0
1115,17.0
1116,11.0
1117,10.0
1118,10.0
1119,11.0
1120,10.0
1121,9.0
1122,9.0
1123,11.0
1124,10.0
1125,10.0
1126,10.0
1127,10.0
1128,10.0
1129,10.0
1130,10.0
1131,13.0
1132,11.0
1133,10.0
1134,10.0
1135,17.0
1136,9.0
1137,10.0
1138,10.0
1139,9.0
1140,9.0
1141,9.0
1142,9.0
1143,10.0
1144,9.0
1145,9.0
1146,27.0
1147,10.0
1148,10.0
1149,10.0
1150,8.0
1151,33.0
1152,15.0
1153,17.0
1154,10.0
1155,9.0
1156,13.0
1157,10.0
1158,10.0
1159,9.0
1160,32.0
1161,38.0
1162,9.0
1163,10.0
1164,36.0
1165,41.0
1166,23.0
1167,24.0
1168,30.0
1169,10.0
1170,10.0
1171,10.0
1172,9.0
1173,10.0
1174,9.0
1175,9.0
1176,10.0
1177,29.0
1178,27.0
1179,48.0
1180,28.0
1181,10.0
1182,9.0
1183,39.0
1184,10.0
1185,10.0
1186,19.0
1187,9.0
1188,43.0
1189,24.0
1190,10.0
1191,24.0
1192,38.0
1193,11.0
1194,10.0
1195,34.0
1196,10.0
1197,22.0
1198,9.0
1199,9.0
1200,10.0
1201,20.0
1202,27.0
1203,23.0
1204,24.0
1205,10.0
1206,10.0
1207,23.0
1208,40.0
1209,9.0
1210,30.0
1211,10.0
1212,22.0
1213,9.0
1214,10.0
1215,9.0
1216,9.0
1217,10.0
1218,10.0
1219,10.0
1220,32.0
1221,28.0
1222,10.0
1223,50.0
1224,24.0
1225,20.0
1226,24.0
1227,10.0
1228,25.0
1229,10.0
1230,11.0
1231,18.0
1232,11.0
1233,11.0
1234,10.0
1235,10.0
1236,10.0
1237,27.0
1238,38.0
1239,10.0
1240,32.0
1241,10.0
1242,25.0
1243,25.0
1244,22.0
1245,19.0
1246,10.0
1247,29.0
1248,17.0
1249,23.0
1250,33.0
1251,15.0
1252,42.0
1253,30.0
1254,11.0
1255,25.0
1256,20.0
1257,29.0
1258,11.0
1259,27.0
1260,19.0
1261,21.0
1262,14.0
1263,25.0
1264,15.0
1265,36.0
1266,11.0
1267,24.0
1268,11.0
1269,31.0
1270,22.0
1271,30.0
1272,25.0
1273,21.0
1274,13.0
1275,55.0
1276,35.0
1277,34.0
1278,21.0
1279,49.0
1280,24.0
1281,24.0
1282,27.0
1283,11.0
1284,35.0
1285,11.0
1286,21.0
1287,19.0
1288,30.0
1289,10.0
1290,27.0
1291,11.0
1292,11.0
1293,187.0
1294,127.0
1295,10.0
1296,19.0
1297,49.0
1298,12.0
1299,10.0
1300,37.0
1301,49.0
1302,12.0
1303,10.0
1304,31.0
1305,16.0
1306,28.0
1307,25.0
1308,21.0
1309,34.0
1310,11.0
1311,41.0
1312,24.0
1313,29.0
1314,18.0
1315,33.0
1316,27.0
1317,11.0
1318,53.0
1319,17.0
1320,23.0
1321,35.0
1322,32.0
1323,53.0
1324,31.0
1325,43.0
1326,27.0
1327,23.0
1328,38.0
1329,16.0
1330,11.0
1331,29.0
1332,48.0
1333,41.0
1334,55.0
1335,31.0
1336,37.0
1337,28.0
1338,16.0
1339,32.0
1340,22.0
1341,30.0
1342,15.0
1343,57.0
1344,29.0
1345,32.0
1346,41.0
1347,37.0
1348,21.0
1349,30.0
1350,21.0
1351,31.0
1352,27.0
1353,28.0
1354,15.0
1355,31.0
1356,36.0
1357,33.0
1358,24.0
1359,21.0
1360,24.0
1361,16.0
1362,28.0
1363,23.0
1364,11.0
1365,29.0
1366,20.0
1367,33.0
1368,26.0
1369,38.0
1370,23.0
1371,23.0
1372,19.0
1373,200.0
1374,26.0
1375,27.0
1376,51.0
1377,35.0
1378,19.0
1379,59.0
1380,21.0
1381,200.0
1382,23.0
1383,27.0
1384,49.0
1385,24.0
1386,21.0
1387,28.0
1388,27.0
1389,39.0
1390,26.0
1391,41.0
1392,17.0
1393,41.0
1394,15.0
1395,22.0
1396,23.0
1397,39.0
1398,24.0
1399,41.0
1400,26.0
1401,36.0
1402,48.0
1403,27.0
1404,42.0
1405,20.0
1406,22.0
1407,36.0
1408,21.0
1409,16.0
1410,32.0
1411,70.0
1412,26.0
1413,38.0
1414,32.0
1415,18.0
1416,20.0
1417,34.0
1418,44.0
1419,29.0
1420,27.0
1421,48.0
1422,26.0
1423,15.0
1424,31.0
1425,28.0
1426,23.0
1427,31.0
1428,28.0
1429,28.0
1430,56.0
1431,28.0
1432,12.0
1433,14.0
1434,39.0
1435,36.0
1436,200.0
1437,22.0
1438,23.0
1439,31.0
1440,22.0
1441,12.0
1442,200.0
1443,25.0
1444,24.0
1445,30.0
1446,22.0
1447,42.0
1448,24.0
1449,29.0
1450,24.0
1451,17.0
1452,26.0
1453,46.0
1454,23.0
1455,10.0
1456,12.0
1457,26.0
1458,25.0
1459,200.0
1460,29.0
1461,19.0
1462,12.0
1463,11.0
1464,30.0
1465,12.0
1466,27.0
1467,19.0
1468,200.0
1469,22.0
1470,149.0
1471,52.0
1472,10.0
1473,34.0
1474,24.0
1475,37.0
1476,170.0
1477,9.0
1478,35.0
1479,200.0
1480,25.0
1481,8.0
1482,16.0
1483,11.0
1484,15.0
1485,34.0
1486,200.0
1487,29.0
1488,200.0
1489,11.0
1490,200.0
1491,22.0
1492,9.0
1493,200.0
1494,30.0
1495,12.0
1496,200.0
1497,21.0
1498,18.0
1499,22.0
1500,8.0
1501,8.0
1502,37.0
1503,25.0
1504,8.0
1505,9.0
1506,45.0
1507,23.0
1508,9.0
1509,24.0
1510,24.0
1511,75.0
1512,25.0
1513,25.0
1514,9.0
1515,10.0
1516,20.0
1517,44.0
1518,8.0
1519,8.0
1520,55.0
1521,51.0
1522,31.0
1523,33.0
1524,9.0
1525,29.0
1526,8.0
1527,8.0
1528,19.0
1529,27.0
1530,10.0
1531,8.0
1532,24.0
1533,8.0
1534,200.0
1535,40.0
1536,9.0
1537,25.0
1538,8.0
1539,200.0
1540,123.0
1541,31.0
1542,11.0
1543,40.0
1544,9.0
1545,9.0
1546,11.0
1547,23.0
1548,9.0
1549,21.0
1550,39.0
1551,9.0
1552,10.0
1553,17.0
1554,107.0
1555,8.0
1556,9.0
1557,19.0
1558,35.0
1559,17.0
1560,9.0
1561,27.0
1562,87.0
1563,10.0
1564,9.0
1565,13.0
1566,200.0
1567,9.0
1568,24.0
1569,11.0
1570,8.0
1571,30.0
1572,10.0
1573,8.0
1574,19.0
1575,39.0
1576,47.0
1577,8.0
1578,9.0
1579,9.0
1580,29.0
1581,25.0
1582,10.0
1583,9.0
1584,31.0
1585,9.0
1586,9.0
1587,17.0
1588,29.0
1589,51.0
1590,10.0
1591,10.0
1592,53.0
1593,9.0
1594,39.0
1595,10.0
1596,40.0
1597,19.0
1598,55.0
1599,15.0
1600,31.0
1601,200.0
1602,9.0
1603,29.0
1604,9.0
1605,9.0
1606,9.0
1607,15.0
1608,35.0
1609,51.0
1610,10.0
1611,8.0
1612,35.0
1613,9.0
1614,27.0
1615,200.0
1616,73.0
1617,200.0
1618,9.0
1619,8.0
1620,53.0
1621,30.0
1622,28.0
1623,39.0
1624,20.0
1625,9.0
1626,34.0
1627,18.0
1628,10.0
1629,9.0
1630,10.0
1631,31.0
1632,9.0
1633,15.0
1634,34.0
1635,27.0
1636,11.0
1637,9.0
1638,10.0
1639,9.0
1640,9.0
1641,15.0
1642,9.0
1643,9.0
1644,10.0
1645,9.0
1646,9.0
1647,23.0
1648,10.0
1649,18.0
1650,12.0
1651,12.0
1652,9.0
1653,12.0
1654,17.0
1655,19.0
1656,10.0
1657,8.0
1658,9.0
1659,8.0
1660,10.0
1661,9.0
1662,10.0
1663,11.0
1664,9.0
1665,15.0
1666,8.0
1667,9.0
1668,9.0
1669,16.0
1670,13.0
1671,11.0
1672,9.0
1673,9.0
1674,8.0
1675,15.0
1676,9.0
1677,17.0
1678,9.0
1679,9.0
1680,9.0
1681,9.0
1682,15.0
1683,8.0
1684,9.0
1685,9.0
1686,8.0
1687,11.0
1688,12.0
1689,9.0
1690,10.0
1691,9.0
1692,10.0
1693,8.0
1694,8.0
1695,9.0
1696,11.0
1697,9.0
1698,15.0
1699,9.0
1700,8.0
1701,13.0
1702,9.0
1703,11.0
1704,9.0
1705,8.0
1706,11.0
1707,9.0
1708,10.0
1709,15.0
1710,9.0
1711,17.0
1712,10.0
1713,19.0
1714,19.0
1715,9.0
1716,8.0
1717,10.0
1718,9.0
1719,8.0
1720,9.0
1721,20.0
1722,13.0
1723,10.0
1724,28.0
1725,19.0
1726,19.0
1727,10.0
1728,11.0
1729,10.0
1730,9.0
1731,13.0
1732,18.0
1733,10.0
1734,26.0
1735,10.0
1736,9.0
1737,8.0
1738,33.0
1739,11.0
1740,11.0
1741,9.0
1742,17.0
1743,9.0
1744,8.0
1745,11.0
1746,10.0
1747,14.0
1748,10.0
1749,10.0
1750,9.0
1751,9.0
1752,9.0
1753,8.0
1754,18.0
1755,9.0
1756,17.0
1757,9.0
1758,8.0
1759,16.0
1760,13.0
1761,8.0
1762,10.0
1763,10.0
1764,11.0
1765,9.0
1766,9.0
1767,9.0
1768,9.0
1769,17.0
1770,33.0
1771,9.0
1772,9.0
1773,9.0
1774,11.0
1775,10.0
1776,22.0
1777,9.0
1778,12.0
1779,24.0
1780,9.0
1781,14.0
1782,8.0
1783,10.0
1784,8.0
1785,29.0
1786,16.0
1787,8.0
1788,9.0
1789,10.0
1790,10.0
1791,25.0
1792,8.0
1793,10.0
1794,11.0
1795,11.0
1796,19.0
1797,11.0
1798,8.0
1799,10.0
1800,10.0
1801,19.0
1802,10.0
1803,19.0
1804,8.0
1805,10.0
1806,9.0
1807,9.0
1808,10.0
1809,12.0
1810,10.0
1811,9.0
1812,10.0
1813,11.0
1814,12.0
1815,9.0
1816,8.0
1817,9.0
1818,9.0
1819,10.0
1820,10.0
1821,8.0
1822,10.0
1823,8.0
1824,9.0
1825,10.0
1826,10.0
1827,10.0
1828,9.0
1829,10.0
1830,9.0
1831,9.0
1832,10.0
1833,8.0
1834,10.0
1835,10.0
1836,11.0
1837,10.0
1838,8.0
1839,10.0
1840,9.0
1841,10.0
1842,10.0
1843,9.0
1844,10.0
1845,10.0
1846,9.0
1847,10.0
1848,8.0
1849,9.0
1850,10.0
1851,10.0
1852,10.0
1853,9.0
1854,12.0
1855,10.0
1856,10.0
1857,10.0
1858,9.0
1859,10.0
1860,10.0
1861,10.0
1862,10.0
1863,10.0
1864,9.0
1865,10.0
1866,10.0
1867,10.0
1868,10.0
1869,9.0
1870,9.0
1871,10.0
1872,10.0
1873,8.0
1874,8.0
1875,10.0
1876,10.0
1877,11.0
1878,10.0
1879,10.0
1880,10.0
1881,8.0
1882,10.0
1883,9.0
1884,8.0
1885,10.0
1886,10.0
1887,9.0
1888,8.0
1889,10.0
1890,10.0
1891,9.0
1892,10.0
1893,10.0
1894,10.0
1895,10.0
1896,12.0
1897,10.0
1898,8.0
1899,10.0
1900,10.0
1901,10.0
1902,10.0
1903,10.0
1904,10.0
1905,10.0
1906,10.0
1907,10.0
1908,11.0
1909,10.0
1910,10.0
1911,10.0
1912,9.0
1913,9.0
1914,10.0
1915,10.0
1916,10.0
1917,10.0
1918,10.0
1919,10.0
1920,10.0
1921,9.0
1922,10.0
1923,10.0
1924,10.0
1925,9.0
1926,10.0
1927,9.0
1928,10.0
1929,9.0
1930,10.0
1931,10.0
1932,10.0
1933,10.0
1934,9.0
1935,9.0
1936,9.0
1937,9.0
1938,10.0
1939,8.0
1940,10.0
1941,10.0
1942,10.0
1943,10.0
1944,10.0
1945,10.0
1946,10.0
1947,8.0
1948,8.0
1949,10.0
1950,9.0
1951,11.0
1952,10.0
1953,10.0
1954,8.0
1955,9.0
1956,9.0
1957,9.0
1958,10.0
1959,10.0
1960,10.0
1961,9.0
1962,9.0
1963,10.0
1964,10.0
1965,9.0
1966,10.0
1967,9.0
1968,11.0
1969,10.0
1970,10.0
1971,10.0
1972,10.0
1973,10.0
1974,10.0
1975,8.0
1976,10.0
1977,9.0
1978,10.0
1979,9.0
1980,9.0
1981,11.0
1982,9.0
1983,10.0
1984,10.0
1985,10.0
1986,10.0
1987,9.0
1988,9.0
1989,8.0
1990,10.0
1991,9.0
1992,10.0
1993,10.0
1994,10.0
1995,10.0
1996,10.0
1997,10.0
1998,10.0
1999,8.0
