,rewards
0,9.0
1,10.0
2,9.0
3,9.0
4,9.0
5,10.0
6,12.0
7,15.0
8,17.0
9,28.0
10,14.0
11,16.0
12,14.0
13,12.0
14,11.0
15,12.0
16,13.0
17,12.0
18,12.0
19,8.0
20,9.0
21,11.0
22,9.0
23,12.0
24,24.0
25,14.0
26,13.0
27,12.0
28,10.0
29,9.0
30,9.0
31,8.0
32,9.0
33,9.0
34,9.0
35,12.0
36,10.0
37,9.0
38,9.0
39,10.0
40,10.0
41,9.0
42,10.0
43,11.0
44,8.0
45,11.0
46,9.0
47,9.0
48,10.0
49,9.0
50,9.0
51,11.0
52,9.0
53,10.0
54,12.0
55,10.0
56,10.0
57,11.0
58,10.0
59,9.0
60,9.0
61,11.0
62,10.0
63,9.0
64,10.0
65,8.0
66,10.0
67,9.0
68,9.0
69,9.0
70,10.0
71,9.0
72,10.0
73,10.0
74,9.0
75,10.0
76,9.0
77,10.0
78,10.0
79,9.0
80,12.0
81,10.0
82,9.0
83,11.0
84,8.0
85,11.0
86,9.0
87,10.0
88,11.0
89,10.0
90,10.0
91,12.0
92,8.0
93,9.0
94,10.0
95,10.0
96,10.0
97,10.0
98,10.0
99,9.0
100,10.0
101,9.0
102,9.0
103,13.0
104,10.0
105,10.0
106,9.0
107,10.0
108,9.0
109,9.0
110,9.0
111,9.0
112,9.0
113,15.0
114,8.0
115,10.0
116,10.0
117,8.0
118,10.0
119,10.0
120,9.0
121,10.0
122,9.0
123,9.0
124,9.0
125,8.0
126,10.0
127,10.0
128,9.0
129,8.0
130,11.0
131,8.0
132,11.0
133,10.0
134,20.0
135,10.0
136,9.0
137,10.0
138,10.0
139,10.0
140,10.0
141,12.0
142,11.0
143,10.0
144,9.0
145,10.0
146,8.0
147,10.0
148,10.0
149,12.0
150,11.0
151,12.0
152,10.0
153,9.0
154,10.0
155,9.0
156,10.0
157,9.0
158,10.0
159,10.0
160,9.0
161,11.0
162,10.0
163,10.0
164,9.0
165,10.0
166,8.0
167,11.0
168,10.0
169,9.0
170,9.0
171,9.0
172,10.0
173,10.0
174,9.0
175,10.0
176,10.0
177,10.0
178,9.0
179,10.0
180,10.0
181,8.0
182,9.0
183,10.0
184,9.0
185,10.0
186,9.0
187,10.0
188,10.0
189,11.0
190,26.0
191,10.0
192,9.0
193,9.0
194,41.0
195,9.0
196,9.0
197,9.0
198,9.0
199,12.0
200,10.0
201,10.0
202,10.0
203,8.0
204,9.0
205,11.0
206,9.0
207,10.0
208,8.0
209,16.0
210,9.0
211,9.0
212,10.0
213,12.0
214,12.0
215,13.0
216,10.0
217,25.0
218,18.0
219,10.0
220,9.0
221,10.0
222,10.0
223,9.0
224,10.0
225,11.0
226,9.0
227,18.0
228,9.0
229,9.0
230,15.0
231,21.0
232,19.0
233,9.0
234,37.0
235,12.0
236,18.0
237,13.0
238,32.0
239,14.0
240,10.0
241,10.0
242,10.0
243,19.0
244,14.0
245,10.0
246,10.0
247,12.0
248,9.0
249,9.0
250,11.0
251,30.0
252,11.0
253,14.0
254,10.0
255,10.0
256,9.0
257,11.0
258,10.0
259,10.0
260,23.0
261,9.0
262,12.0
263,9.0
264,10.0
265,8.0
266,10.0
267,10.0
268,10.0
269,18.0
270,10.0
271,12.0
272,18.0
273,11.0
274,21.0
275,13.0
276,11.0
277,11.0
278,10.0
279,9.0
280,12.0
281,10.0
282,9.0
283,16.0
284,9.0
285,10.0
286,10.0
287,9.0
288,10.0
289,11.0
290,10.0
291,9.0
292,9.0
293,19.0
294,9.0
295,9.0
296,8.0
297,11.0
298,11.0
299,9.0
300,8.0
301,27.0
302,9.0
303,9.0
304,12.0
305,9.0
306,8.0
307,9.0
308,9.0
309,9.0
310,9.0
311,10.0
312,11.0
313,9.0
314,9.0
315,9.0
316,10.0
317,9.0
318,10.0
319,10.0
320,11.0
321,9.0
322,11.0
323,9.0
324,8.0
325,11.0
326,11.0
327,10.0
328,10.0
329,10.0
330,9.0
331,10.0
332,9.0
333,10.0
334,10.0
335,11.0
336,9.0
337,10.0
338,9.0
339,9.0
340,10.0
341,11.0
342,8.0
343,10.0
344,10.0
345,9.0
346,10.0
347,24.0
348,8.0
349,9.0
350,10.0
351,10.0
352,9.0
353,10.0
354,20.0
355,10.0
356,9.0
357,9.0
358,10.0
359,9.0
360,10.0
361,9.0
362,11.0
363,10.0
364,9.0
365,9.0
366,8.0
367,10.0
368,9.0
369,9.0
370,24.0
371,9.0
372,8.0
373,33.0
374,9.0
375,9.0
376,9.0
377,26.0
378,16.0
379,10.0
380,13.0
381,27.0
382,23.0
383,16.0
384,24.0
385,8.0
386,10.0
387,17.0
388,12.0
389,13.0
390,12.0
391,17.0
392,12.0
393,14.0
394,15.0
395,11.0
396,49.0
397,12.0
398,9.0
399,10.0
400,10.0
401,10.0
402,11.0
403,10.0
404,9.0
405,14.0
406,10.0
407,36.0
408,11.0
409,12.0
410,40.0
411,11.0
412,34.0
413,27.0
414,46.0
415,20.0
416,8.0
417,9.0
418,9.0
419,11.0
420,8.0
421,9.0
422,9.0
423,46.0
424,21.0
425,10.0
426,23.0
427,21.0
428,9.0
429,20.0
430,9.0
431,9.0
432,21.0
433,9.0
434,8.0
435,10.0
436,21.0
437,10.0
438,9.0
439,10.0
440,9.0
441,9.0
442,10.0
443,21.0
444,12.0
445,14.0
446,9.0
447,67.0
448,15.0
449,9.0
450,9.0
451,12.0
452,34.0
453,80.0
454,12.0
455,12.0
456,27.0
457,9.0
458,14.0
459,10.0
460,21.0
461,19.0
462,28.0
463,10.0
464,8.0
465,10.0
466,10.0
467,10.0
468,11.0
469,11.0
470,9.0
471,9.0
472,20.0
473,9.0
474,19.0
475,9.0
476,21.0
477,19.0
478,10.0
479,15.0
480,10.0
481,13.0
482,32.0
483,9.0
484,14.0
485,10.0
486,15.0
487,14.0
488,10.0
489,10.0
490,10.0
491,10.0
492,9.0
493,10.0
494,8.0
495,11.0
496,9.0
497,9.0
498,17.0
499,18.0
500,8.0
501,21.0
502,8.0
503,15.0
504,13.0
505,10.0
506,12.0
507,24.0
508,20.0
509,46.0
510,86.0
511,11.0
512,14.0
513,11.0
514,11.0
515,62.0
516,10.0
517,12.0
518,11.0
519,13.0
520,58.0
521,49.0
522,32.0
523,100.0
524,37.0
525,25.0
526,39.0
527,16.0
528,50.0
529,9.0
530,14.0
531,85.0
532,11.0
533,9.0
534,53.0
535,13.0
536,42.0
537,76.0
538,47.0
539,11.0
540,45.0
541,9.0
542,154.0
543,135.0
544,153.0
545,54.0
546,69.0
547,12.0
548,29.0
549,107.0
550,9.0
551,18.0
552,124.0
553,90.0
554,115.0
555,142.0
556,136.0
557,140.0
558,162.0
559,165.0
560,167.0
561,185.0
562,187.0
563,191.0
564,134.0
565,181.0
566,185.0
567,183.0
568,200.0
569,200.0
570,200.0
571,200.0
572,200.0
573,200.0
574,200.0
575,200.0
576,200.0
577,200.0
578,200.0
579,200.0
580,200.0
581,200.0
582,200.0
583,200.0
584,200.0
585,200.0
586,200.0
587,200.0
588,200.0
589,186.0
590,200.0
591,200.0
592,200.0
593,200.0
594,200.0
595,200.0
596,200.0
597,200.0
598,200.0
599,200.0
600,200.0
601,200.0
602,200.0
603,200.0
604,200.0
605,200.0
606,200.0
607,200.0
608,200.0
609,200.0
610,200.0
611,200.0
612,200.0
613,200.0
614,200.0
615,200.0
616,200.0
617,200.0
618,200.0
619,200.0
620,200.0
621,200.0
622,200.0
623,200.0
624,200.0
625,200.0
626,200.0
627,200.0
628,200.0
629,200.0
630,200.0
631,200.0
632,194.0
633,200.0
634,200.0
635,200.0
636,200.0
637,200.0
638,200.0
639,200.0
640,200.0
641,200.0
642,193.0
643,200.0
644,200.0
645,200.0
646,200.0
647,200.0
648,200.0
649,200.0
650,200.0
651,200.0
652,200.0
653,200.0
654,200.0
655,200.0
656,162.0
657,200.0
658,200.0
659,159.0
660,200.0
661,176.0
662,200.0
663,200.0
664,185.0
665,200.0
666,200.0
667,41.0
668,200.0
669,200.0
670,162.0
671,200.0
672,176.0
673,191.0
674,200.0
675,193.0
676,84.0
677,124.0
678,146.0
679,200.0
680,192.0
681,144.0
682,71.0
683,200.0
684,195.0
685,200.0
686,200.0
687,122.0
688,31.0
689,188.0
690,180.0
691,80.0
692,156.0
693,24.0
694,200.0
695,200.0
696,200.0
697,139.0
698,175.0
699,11.0
700,200.0
701,102.0
702,200.0
703,164.0
704,142.0
705,139.0
706,9.0
707,142.0
708,200.0
709,76.0
710,130.0
711,180.0
712,28.0
713,200.0
714,188.0
715,200.0
716,177.0
717,28.0
718,180.0
719,196.0
720,121.0
721,187.0
722,106.0
723,122.0
724,200.0
725,67.0
726,200.0
727,197.0
728,161.0
729,40.0
730,57.0
731,167.0
732,200.0
733,105.0
734,113.0
735,108.0
736,166.0
737,200.0
738,200.0
739,181.0
740,154.0
741,200.0
742,176.0
743,145.0
744,200.0
745,181.0
746,200.0
747,200.0
748,200.0
749,200.0
750,85.0
751,200.0
752,165.0
753,149.0
754,200.0
755,200.0
756,170.0
757,123.0
758,169.0
759,167.0
760,177.0
761,115.0
762,140.0
763,200.0
764,194.0
765,140.0
766,179.0
767,200.0
768,200.0
769,200.0
770,200.0
771,111.0
772,148.0
773,200.0
774,200.0
775,157.0
776,200.0
777,137.0
778,110.0
779,150.0
780,200.0
781,200.0
782,188.0
783,195.0
784,200.0
785,200.0
786,122.0
787,196.0
788,165.0
789,200.0
790,200.0
791,123.0
792,129.0
793,200.0
794,200.0
795,200.0
796,200.0
797,200.0
798,200.0
799,200.0
800,200.0
801,193.0
802,200.0
803,176.0
804,136.0
805,200.0
806,163.0
807,200.0
808,200.0
809,200.0
810,200.0
811,200.0
812,132.0
813,146.0
814,200.0
815,200.0
816,200.0
817,200.0
818,200.0
819,200.0
820,139.0
821,200.0
822,200.0
823,118.0
824,200.0
825,200.0
826,200.0
827,122.0
828,200.0
829,200.0
830,153.0
831,200.0
832,200.0
833,200.0
834,200.0
835,200.0
836,200.0
837,200.0
838,200.0
839,104.0
840,122.0
841,200.0
842,120.0
843,200.0
844,113.0
845,100.0
846,200.0
847,101.0
848,200.0
849,101.0
850,200.0
851,200.0
852,200.0
853,109.0
854,200.0
855,112.0
856,200.0
857,200.0
858,97.0
859,156.0
860,200.0
861,200.0
862,15.0
863,200.0
864,200.0
865,200.0
866,200.0
867,200.0
868,200.0
869,200.0
870,200.0
871,200.0
872,100.0
873,200.0
874,200.0
875,182.0
876,106.0
877,200.0
878,110.0
879,16.0
880,200.0
881,116.0
882,200.0
883,155.0
884,174.0
885,200.0
886,161.0
887,200.0
888,200.0
889,200.0
890,106.0
891,142.0
892,170.0
893,132.0
894,124.0
895,108.0
896,200.0
897,106.0
898,148.0
899,137.0
900,107.0
901,200.0
902,175.0
903,200.0
904,200.0
905,200.0
906,143.0
907,114.0
908,159.0
909,163.0
910,200.0
911,200.0
912,116.0
913,200.0
914,127.0
915,112.0
916,200.0
917,113.0
918,104.0
919,150.0
920,200.0
921,200.0
922,200.0
923,145.0
924,137.0
925,105.0
926,200.0
927,106.0
928,150.0
929,200.0
930,200.0
931,177.0
932,104.0
933,109.0
934,109.0
935,200.0
936,113.0
937,124.0
938,200.0
939,200.0
940,159.0
941,200.0
942,200.0
943,116.0
944,104.0
945,200.0
946,113.0
947,200.0
948,166.0
949,112.0
950,108.0
951,163.0
952,200.0
953,200.0
954,124.0
955,115.0
956,142.0
957,164.0
958,107.0
959,138.0
960,123.0
961,101.0
962,200.0
963,107.0
964,106.0
965,104.0
966,109.0
967,200.0
968,159.0
969,99.0
970,99.0
971,200.0
972,107.0
973,110.0
974,114.0
975,200.0
976,102.0
977,102.0
978,103.0
979,105.0
980,106.0
981,102.0
982,103.0
983,100.0
984,75.0
985,104.0
986,188.0
987,139.0
988,104.0
989,100.0
990,96.0
991,106.0
992,102.0
993,152.0
994,109.0
995,149.0
996,102.0
997,111.0
998,111.0
999,121.0
1000,107.0
1001,149.0
1002,200.0
1003,112.0
1004,109.0
1005,174.0
1006,110.0
1007,106.0
1008,97.0
1009,104.0
1010,106.0
1011,102.0
1012,200.0
1013,101.0
1014,105.0
1015,110.0
1016,105.0
1017,106.0
1018,110.0
1019,109.0
1020,102.0
1021,139.0
1022,103.0
1023,104.0
1024,110.0
1025,129.0
1026,107.0
1027,119.0
1028,109.0
1029,107.0
1030,115.0
1031,111.0
1032,108.0
1033,124.0
1034,122.0
1035,111.0
1036,116.0
1037,108.0
1038,113.0
1039,116.0
1040,112.0
1041,111.0
1042,110.0
1043,108.0
1044,120.0
1045,116.0
1046,104.0
1047,111.0
1048,107.0
1049,111.0
1050,200.0
1051,111.0
1052,104.0
1053,106.0
1054,118.0
1055,118.0
1056,110.0
1057,174.0
1058,147.0
1059,105.0
1060,102.0
1061,105.0
1062,101.0
1063,119.0
1064,107.0
1065,99.0
1066,102.0
1067,120.0
1068,97.0
1069,94.0
1070,100.0
1071,98.0
1072,99.0
1073,93.0
1074,105.0
1075,100.0
1076,14.0
1077,99.0
1078,103.0
1079,105.0
1080,104.0
1081,101.0
1082,107.0
1083,97.0
1084,97.0
1085,97.0
1086,97.0
1087,99.0
1088,109.0
1089,97.0
1090,200.0
1091,104.0
1092,97.0
1093,98.0
1094,126.0
1095,104.0
1096,110.0
1097,200.0
1098,96.0
1099,111.0
1100,117.0
1101,118.0
1102,103.0
1103,111.0
1104,191.0
1105,115.0
1106,107.0
1107,109.0
1108,105.0
1109,107.0
1110,125.0
1111,146.0
1112,146.0
1113,106.0
1114,108.0
1115,111.0
1116,41.0
1117,135.0
1118,116.0
1119,117.0
1120,139.0
1121,108.0
1122,105.0
1123,106.0
1124,112.0
1125,97.0
1126,49.0
1127,19.0
1128,93.0
1129,197.0
1130,158.0
1131,200.0
1132,125.0
1133,112.0
1134,116.0
1135,111.0
1136,115.0
1137,132.0
1138,150.0
1139,112.0
1140,167.0
1141,145.0
1142,65.0
1143,11.0
1144,14.0
1145,14.0
1146,12.0
1147,14.0
1148,113.0
1149,21.0
1150,111.0
1151,187.0
1152,119.0
1153,112.0
1154,114.0
1155,102.0
1156,101.0
1157,126.0
1158,107.0
1159,160.0
1160,121.0
1161,103.0
1162,129.0
1163,119.0
1164,103.0
1165,187.0
1166,116.0
1167,105.0
1168,112.0
1169,109.0
1170,102.0
1171,141.0
1172,114.0
1173,116.0
1174,200.0
1175,106.0
1176,79.0
1177,98.0
1178,50.0
1179,195.0
1180,42.0
1181,117.0
1182,106.0
1183,100.0
1184,104.0
1185,107.0
1186,121.0
1187,110.0
1188,156.0
1189,200.0
1190,93.0
1191,186.0
1192,112.0
1193,100.0
1194,152.0
1195,96.0
1196,109.0
1197,100.0
1198,182.0
1199,108.0
1200,147.0
1201,97.0
1202,123.0
1203,144.0
1204,147.0
1205,134.0
1206,102.0
1207,166.0
1208,103.0
1209,141.0
1210,161.0
1211,106.0
1212,117.0
1213,104.0
1214,124.0
1215,200.0
1216,128.0
1217,200.0
1218,109.0
1219,200.0
1220,151.0
1221,146.0
1222,107.0
1223,106.0
1224,113.0
1225,112.0
1226,160.0
1227,40.0
1228,30.0
1229,123.0
1230,108.0
1231,108.0
1232,105.0
1233,102.0
1234,114.0
1235,116.0
1236,100.0
1237,109.0
1238,102.0
1239,125.0
1240,137.0
1241,110.0
1242,115.0
1243,109.0
1244,107.0
1245,116.0
1246,159.0
1247,95.0
1248,98.0
1249,106.0
1250,135.0
1251,102.0
1252,116.0
1253,99.0
1254,112.0
1255,100.0
1256,102.0
1257,104.0
1258,103.0
1259,104.0
1260,111.0
1261,100.0
1262,106.0
1263,118.0
1264,103.0
1265,107.0
1266,109.0
1267,107.0
1268,100.0
1269,106.0
1270,100.0
1271,100.0
1272,107.0
1273,111.0
1274,109.0
1275,103.0
1276,110.0
1277,107.0
1278,114.0
1279,107.0
1280,110.0
1281,108.0
1282,109.0
1283,112.0
1284,105.0
1285,114.0
1286,109.0
1287,113.0
1288,109.0
1289,105.0
1290,109.0
1291,123.0
1292,110.0
1293,148.0
1294,116.0
1295,116.0
1296,109.0
1297,117.0
1298,107.0
1299,113.0
1300,112.0
1301,110.0
1302,111.0
1303,111.0
1304,107.0
1305,105.0
1306,113.0
1307,104.0
1308,109.0
1309,118.0
1310,107.0
1311,117.0
1312,107.0
1313,110.0
1314,107.0
1315,123.0
1316,109.0
1317,111.0
1318,103.0
1319,107.0
1320,111.0
1321,100.0
1322,107.0
1323,108.0
1324,107.0
1325,112.0
1326,113.0
1327,102.0
1328,120.0
1329,112.0
1330,109.0
1331,107.0
1332,107.0
1333,114.0
1334,113.0
1335,108.0
1336,112.0
1337,104.0
1338,111.0
1339,116.0
1340,115.0
1341,111.0
1342,135.0
1343,121.0
1344,129.0
1345,110.0
1346,116.0
1347,112.0
1348,113.0
1349,118.0
1350,109.0
1351,118.0
1352,112.0
1353,109.0
1354,119.0
1355,104.0
1356,106.0
1357,112.0
1358,107.0
1359,115.0
1360,109.0
1361,110.0
1362,116.0
1363,109.0
1364,126.0
1365,109.0
1366,112.0
1367,112.0
1368,112.0
1369,123.0
1370,113.0
1371,112.0
1372,114.0
1373,113.0
1374,113.0
1375,111.0
1376,162.0
1377,117.0
1378,108.0
1379,115.0
1380,113.0
1381,108.0
1382,107.0
1383,121.0
1384,124.0
1385,118.0
1386,105.0
1387,116.0
1388,125.0
1389,123.0
1390,109.0
1391,108.0
1392,109.0
1393,117.0
1394,118.0
1395,117.0
1396,118.0
1397,115.0
1398,117.0
1399,114.0
1400,114.0
1401,114.0
1402,109.0
1403,112.0
1404,107.0
1405,113.0
1406,107.0
1407,110.0
1408,111.0
1409,112.0
1410,119.0
1411,109.0
1412,114.0
1413,122.0
1414,107.0
1415,113.0
1416,117.0
1417,111.0
1418,112.0
1419,112.0
1420,111.0
1421,117.0
1422,114.0
1423,114.0
1424,112.0
1425,114.0
1426,116.0
1427,112.0
1428,111.0
1429,114.0
1430,111.0
1431,115.0
1432,120.0
1433,115.0
1434,116.0
1435,115.0
1436,107.0
1437,112.0
1438,112.0
1439,111.0
1440,112.0
1441,111.0
1442,107.0
1443,112.0
1444,109.0
1445,110.0
1446,117.0
1447,115.0
1448,112.0
1449,111.0
1450,118.0
1451,117.0
1452,110.0
1453,108.0
1454,107.0
1455,108.0
1456,112.0
1457,106.0
1458,105.0
1459,117.0
1460,106.0
1461,114.0
1462,111.0
1463,109.0
1464,106.0
1465,111.0
1466,108.0
1467,111.0
1468,104.0
1469,119.0
1470,109.0
1471,105.0
1472,109.0
1473,110.0
1474,111.0
1475,101.0
1476,107.0
1477,124.0
1478,106.0
1479,104.0
1480,108.0
1481,106.0
1482,108.0
1483,104.0
1484,107.0
1485,108.0
1486,101.0
1487,107.0
1488,111.0
1489,117.0
1490,119.0
1491,120.0
1492,113.0
1493,107.0
1494,108.0
1495,102.0
1496,110.0
1497,117.0
1498,115.0
1499,11.0
1500,109.0
1501,111.0
1502,111.0
1503,107.0
1504,115.0
1505,121.0
1506,120.0
1507,110.0
1508,102.0
1509,102.0
1510,110.0
1511,105.0
1512,103.0
1513,107.0
1514,109.0
1515,108.0
1516,106.0
1517,106.0
1518,104.0
1519,107.0
1520,101.0
1521,106.0
1522,102.0
1523,102.0
1524,105.0
1525,112.0
1526,107.0
1527,112.0
1528,104.0
1529,102.0
1530,102.0
1531,105.0
1532,107.0
1533,103.0
1534,109.0
1535,105.0
1536,110.0
1537,106.0
1538,106.0
1539,105.0
1540,97.0
1541,105.0
1542,103.0
1543,115.0
1544,105.0
1545,101.0
1546,98.0
1547,111.0
1548,106.0
1549,104.0
1550,99.0
1551,109.0
1552,108.0
1553,106.0
1554,102.0
1555,102.0
1556,103.0
1557,104.0
1558,105.0
1559,98.0
1560,107.0
1561,18.0
1562,102.0
1563,105.0
1564,108.0
1565,102.0
1566,102.0
1567,104.0
1568,100.0
1569,97.0
1570,121.0
1571,112.0
1572,105.0
1573,99.0
1574,101.0
1575,98.0
1576,112.0
1577,102.0
1578,107.0
1579,110.0
1580,101.0
1581,100.0
1582,104.0
1583,104.0
1584,99.0
1585,99.0
1586,100.0
1587,98.0
1588,101.0
1589,100.0
1590,100.0
1591,100.0
1592,111.0
1593,118.0
1594,96.0
1595,102.0
1596,104.0
1597,101.0
1598,99.0
1599,102.0
1600,115.0
1601,104.0
1602,101.0
1603,102.0
1604,99.0
1605,102.0
1606,103.0
1607,99.0
1608,107.0
1609,97.0
1610,96.0
1611,100.0
1612,109.0
1613,110.0
1614,106.0
1615,100.0
1616,111.0
1617,106.0
1618,102.0
1619,105.0
1620,106.0
1621,102.0
1622,100.0
1623,101.0
1624,101.0
1625,110.0
1626,105.0
1627,101.0
1628,99.0
1629,99.0
1630,104.0
1631,106.0
1632,109.0
1633,103.0
1634,103.0
1635,107.0
1636,103.0
1637,101.0
1638,101.0
1639,104.0
1640,102.0
1641,103.0
1642,100.0
1643,111.0
1644,106.0
1645,106.0
1646,104.0
1647,103.0
1648,100.0
1649,101.0
1650,106.0
1651,113.0
1652,101.0
1653,100.0
1654,108.0
1655,102.0
1656,101.0
1657,106.0
1658,103.0
1659,108.0
1660,39.0
1661,107.0
1662,129.0
1663,127.0
1664,111.0
1665,109.0
1666,108.0
1667,131.0
1668,149.0
1669,119.0
1670,152.0
1671,112.0
1672,112.0
1673,122.0
1674,114.0
1675,112.0
1676,108.0
1677,114.0
1678,105.0
1679,106.0
1680,112.0
1681,113.0
1682,115.0
1683,114.0
1684,111.0
1685,111.0
1686,117.0
1687,112.0
1688,112.0
1689,106.0
1690,115.0
1691,119.0
1692,110.0
1693,108.0
1694,106.0
1695,105.0
1696,113.0
1697,115.0
1698,113.0
1699,113.0
1700,120.0
1701,109.0
1702,110.0
1703,115.0
1704,122.0
1705,114.0
1706,122.0
1707,115.0
1708,121.0
1709,112.0
1710,112.0
1711,115.0
1712,120.0
1713,127.0
1714,122.0
1715,127.0
1716,121.0
1717,132.0
1718,115.0
1719,112.0
1720,145.0
1721,13.0
1722,127.0
1723,133.0
1724,117.0
1725,144.0
1726,129.0
1727,128.0
1728,123.0
1729,118.0
1730,117.0
1731,141.0
1732,144.0
1733,141.0
1734,138.0
1735,139.0
1736,124.0
1737,113.0
1738,132.0
1739,129.0
1740,154.0
1741,129.0
1742,144.0
1743,145.0
1744,130.0
1745,138.0
1746,147.0
1747,129.0
1748,175.0
1749,144.0
1750,136.0
1751,200.0
1752,200.0
1753,157.0
1754,200.0
1755,200.0
1756,136.0
1757,172.0
1758,200.0
1759,200.0
1760,200.0
1761,200.0
1762,200.0
1763,194.0
1764,200.0
1765,200.0
1766,200.0
1767,200.0
1768,200.0
1769,200.0
1770,200.0
1771,189.0
1772,200.0
1773,200.0
1774,200.0
1775,200.0
1776,200.0
1777,200.0
1778,200.0
1779,200.0
1780,200.0
1781,200.0
1782,200.0
1783,200.0
1784,200.0
1785,200.0
1786,123.0
1787,101.0
1788,16.0
1789,200.0
1790,200.0
1791,200.0
1792,200.0
1793,162.0
1794,13.0
1795,13.0
1796,11.0
1797,15.0
1798,13.0
1799,191.0
1800,19.0
1801,23.0
1802,19.0
1803,11.0
1804,16.0
1805,22.0
1806,46.0
1807,16.0
1808,19.0
1809,43.0
1810,18.0
1811,25.0
1812,16.0
1813,12.0
1814,16.0
1815,200.0
1816,14.0
1817,13.0
1818,14.0
1819,12.0
1820,11.0
1821,11.0
1822,13.0
1823,12.0
1824,12.0
1825,200.0
1826,11.0
1827,18.0
1828,200.0
1829,200.0
1830,200.0
1831,200.0
1832,200.0
1833,200.0
1834,200.0
1835,200.0
1836,200.0
1837,200.0
1838,200.0
1839,200.0
1840,200.0
1841,200.0
1842,200.0
1843,200.0
1844,200.0
1845,200.0
1846,200.0
1847,200.0
1848,200.0
1849,200.0
1850,66.0
1851,200.0
1852,200.0
1853,200.0
1854,200.0
1855,200.0
1856,200.0
1857,200.0
1858,200.0
1859,200.0
1860,200.0
1861,200.0
1862,200.0
1863,200.0
1864,200.0
1865,200.0
1866,200.0
1867,200.0
1868,200.0
1869,200.0
1870,200.0
1871,200.0
1872,200.0
1873,200.0
1874,27.0
1875,200.0
1876,16.0
1877,147.0
1878,200.0
1879,169.0
1880,200.0
1881,200.0
1882,200.0
1883,200.0
1884,166.0
1885,200.0
1886,156.0
1887,200.0
1888,145.0
1889,200.0
1890,200.0
1891,200.0
1892,200.0
1893,200.0
1894,25.0
1895,200.0
1896,200.0
1897,200.0
1898,200.0
1899,200.0
1900,13.0
1901,200.0
1902,200.0
1903,200.0
1904,25.0
1905,12.0
1906,200.0
1907,200.0
1908,200.0
1909,200.0
1910,200.0
1911,200.0
1912,200.0
1913,200.0
1914,200.0
1915,200.0
1916,15.0
1917,200.0
1918,200.0
1919,30.0
1920,200.0
1921,200.0
1922,200.0
1923,200.0
1924,200.0
1925,200.0
1926,200.0
1927,200.0
1928,200.0
1929,200.0
1930,200.0
1931,200.0
1932,200.0
1933,16.0
1934,13.0
1935,200.0
1936,200.0
1937,38.0
1938,200.0
1939,200.0
1940,200.0
1941,11.0
1942,25.0
1943,25.0
1944,200.0
1945,200.0
1946,200.0
1947,200.0
1948,200.0
1949,200.0
1950,200.0
1951,200.0
1952,200.0
1953,200.0
1954,200.0
1955,200.0
1956,200.0
1957,200.0
1958,200.0
1959,200.0
1960,200.0
1961,200.0
1962,200.0
1963,200.0
1964,200.0
1965,200.0
1966,200.0
1967,200.0
1968,200.0
1969,200.0
1970,200.0
1971,200.0
1972,200.0
1973,200.0
1974,200.0
1975,200.0
1976,200.0
1977,200.0
1978,200.0
1979,200.0
1980,200.0
1981,200.0
1982,200.0
1983,200.0
1984,200.0
1985,9.0
1986,200.0
1987,200.0
1988,200.0
1989,200.0
1990,200.0
1991,200.0
1992,200.0
1993,200.0
1994,200.0
1995,200.0
1996,200.0
1997,200.0
1998,200.0
1999,200.0
2000,200.0
2001,200.0
2002,200.0
2003,200.0
2004,200.0
2005,200.0
2006,200.0
2007,200.0
2008,200.0
2009,200.0
2010,200.0
2011,200.0
2012,200.0
2013,200.0
2014,200.0
2015,200.0
2016,200.0
2017,200.0
2018,200.0
2019,200.0
2020,200.0
2021,92.0
2022,200.0
2023,200.0
2024,200.0
2025,200.0
2026,200.0
2027,200.0
2028,200.0
2029,200.0
2030,200.0
2031,200.0
2032,200.0
2033,200.0
2034,200.0
2035,200.0
2036,200.0
2037,200.0
2038,200.0
2039,200.0
2040,200.0
2041,200.0
2042,200.0
2043,200.0
2044,200.0
2045,94.0
2046,200.0
2047,200.0
2048,200.0
2049,200.0
2050,200.0
2051,200.0
2052,200.0
2053,200.0
2054,200.0
2055,200.0
2056,200.0
2057,200.0
2058,200.0
2059,15.0
2060,200.0
2061,200.0
2062,200.0
2063,28.0
2064,200.0
2065,200.0
2066,200.0
2067,200.0
2068,200.0
2069,200.0
2070,200.0
2071,200.0
2072,200.0
2073,200.0
2074,13.0
2075,200.0
2076,200.0
2077,200.0
2078,200.0
2079,200.0
2080,200.0
2081,200.0
2082,200.0
2083,200.0
2084,200.0
2085,200.0
2086,200.0
2087,200.0
2088,200.0
2089,200.0
2090,200.0
2091,200.0
2092,132.0
2093,200.0
2094,174.0
2095,126.0
2096,200.0
2097,200.0
2098,200.0
2099,200.0
2100,12.0
2101,200.0
2102,200.0
2103,124.0
2104,200.0
2105,200.0
2106,200.0
2107,126.0
2108,200.0
2109,200.0
2110,200.0
2111,116.0
2112,200.0
2113,200.0
2114,200.0
2115,200.0
2116,200.0
2117,200.0
2118,121.0
2119,200.0
2120,200.0
2121,200.0
2122,200.0
2123,200.0
2124,200.0
2125,200.0
2126,200.0
2127,200.0
2128,125.0
2129,200.0
2130,200.0
2131,200.0
2132,200.0
2133,200.0
2134,200.0
2135,200.0
2136,200.0
2137,200.0
2138,200.0
2139,200.0
2140,146.0
2141,200.0
2142,56.0
2143,200.0
2144,163.0
2145,200.0
2146,200.0
2147,200.0
2148,200.0
2149,139.0
2150,200.0
2151,200.0
2152,200.0
2153,200.0
2154,200.0
2155,200.0
2156,200.0
2157,200.0
2158,142.0
2159,12.0
2160,195.0
2161,200.0
2162,137.0
2163,131.0
2164,123.0
2165,124.0
2166,134.0
2167,126.0
2168,116.0
2169,123.0
2170,126.0
2171,126.0
2172,113.0
2173,122.0
2174,11.0
2175,200.0
2176,121.0
2177,127.0
2178,127.0
2179,128.0
2180,123.0
2181,118.0
2182,117.0
2183,120.0
2184,114.0
2185,120.0
2186,114.0
2187,112.0
2188,116.0
2189,115.0
2190,115.0
2191,121.0
2192,120.0
2193,118.0
2194,127.0
2195,125.0
2196,122.0
2197,118.0
2198,122.0
2199,118.0
2200,119.0
2201,117.0
2202,124.0
2203,123.0
2204,119.0
2205,119.0
2206,117.0
2207,130.0
2208,119.0
2209,124.0
2210,13.0
2211,121.0
2212,120.0
2213,10.0
2214,117.0
2215,124.0
2216,119.0
2217,119.0
2218,126.0
2219,125.0
2220,123.0
2221,122.0
2222,116.0
2223,119.0
2224,123.0
2225,117.0
2226,123.0
2227,119.0
2228,119.0
2229,122.0
2230,119.0
2231,113.0
2232,124.0
2233,122.0
2234,122.0
2235,118.0
2236,116.0
2237,124.0
2238,122.0
2239,124.0
2240,120.0
2241,115.0
2242,120.0
2243,125.0
2244,115.0
2245,116.0
2246,122.0
2247,13.0
2248,119.0
2249,120.0
2250,126.0
2251,122.0
2252,118.0
2253,116.0
2254,118.0
2255,125.0
2256,119.0
2257,121.0
2258,119.0
2259,128.0
2260,120.0
2261,121.0
2262,116.0
2263,121.0
2264,116.0
2265,118.0
2266,121.0
2267,121.0
2268,117.0
2269,124.0
2270,119.0
2271,118.0
2272,117.0
2273,115.0
2274,127.0
2275,126.0
2276,120.0
2277,123.0
2278,120.0
2279,117.0
2280,119.0
2281,115.0
2282,116.0
2283,119.0
2284,116.0
2285,124.0
2286,122.0
2287,127.0
2288,125.0
2289,122.0
2290,119.0
2291,117.0
2292,121.0
2293,124.0
2294,123.0
2295,124.0
2296,118.0
2297,123.0
2298,123.0
2299,125.0
2300,123.0
2301,123.0
2302,126.0
2303,122.0
2304,130.0
2305,118.0
2306,119.0
2307,121.0
2308,127.0
2309,124.0
2310,127.0
2311,124.0
2312,121.0
2313,122.0
2314,121.0
2315,120.0
2316,129.0
2317,123.0
2318,119.0
2319,125.0
2320,125.0
2321,124.0
2322,124.0
2323,119.0
2324,123.0
2325,123.0
2326,123.0
2327,133.0
2328,124.0
2329,124.0
2330,120.0
2331,126.0
2332,129.0
2333,127.0
2334,132.0
2335,133.0
2336,129.0
2337,128.0
2338,127.0
2339,137.0
2340,121.0
2341,129.0
2342,127.0
2343,131.0
2344,129.0
2345,135.0
2346,130.0
2347,121.0
2348,125.0
2349,120.0
2350,125.0
2351,129.0
2352,128.0
2353,124.0
2354,124.0
2355,131.0
2356,125.0
2357,123.0
2358,123.0
2359,133.0
2360,133.0
2361,122.0
2362,122.0
2363,121.0
2364,123.0
2365,126.0
2366,124.0
2367,131.0
2368,126.0
2369,126.0
2370,129.0
2371,123.0
2372,128.0
2373,121.0
2374,126.0
2375,123.0
2376,126.0
2377,127.0
2378,130.0
2379,125.0
2380,124.0
2381,130.0
2382,128.0
2383,118.0
2384,126.0
2385,119.0
2386,126.0
2387,127.0
2388,121.0
2389,128.0
2390,127.0
2391,119.0
2392,129.0
2393,123.0
2394,127.0
2395,128.0
2396,127.0
2397,131.0
2398,126.0
2399,134.0
2400,123.0
2401,133.0
2402,133.0
2403,128.0
2404,123.0
2405,128.0
2406,124.0
2407,131.0
2408,129.0
2409,126.0
2410,129.0
2411,126.0
2412,119.0
2413,123.0
2414,127.0
2415,128.0
2416,122.0
2417,120.0
2418,123.0
2419,118.0
2420,128.0
2421,125.0
2422,132.0
2423,124.0
2424,125.0
2425,125.0
2426,122.0
2427,129.0
2428,126.0
2429,123.0
2430,121.0
2431,120.0
2432,120.0
2433,126.0
2434,123.0
2435,124.0
2436,122.0
2437,123.0
2438,135.0
2439,121.0
2440,127.0
2441,125.0
2442,127.0
2443,126.0
2444,128.0
2445,119.0
2446,130.0
2447,129.0
2448,129.0
2449,130.0
2450,132.0
2451,131.0
2452,132.0
2453,127.0
2454,126.0
2455,134.0
2456,136.0
2457,134.0
2458,131.0
2459,120.0
2460,127.0
2461,125.0
2462,131.0
2463,128.0
2464,127.0
2465,121.0
2466,122.0
2467,130.0
2468,131.0
2469,123.0
2470,132.0
2471,131.0
2472,126.0
2473,118.0
2474,120.0
2475,121.0
2476,130.0
2477,130.0
2478,122.0
2479,125.0
2480,125.0
2481,127.0
2482,120.0
2483,128.0
2484,122.0
2485,127.0
2486,118.0
2487,122.0
2488,126.0
2489,128.0
2490,125.0
2491,117.0
2492,124.0
2493,127.0
2494,124.0
2495,125.0
2496,120.0
2497,121.0
2498,120.0
2499,125.0
2500,127.0
2501,125.0
2502,122.0
2503,123.0
2504,126.0
2505,126.0
2506,123.0
2507,126.0
2508,130.0
2509,130.0
2510,127.0
2511,131.0
2512,132.0
2513,127.0
2514,129.0
2515,129.0
2516,135.0
2517,125.0
2518,130.0
2519,127.0
2520,135.0
2521,131.0
2522,155.0
2523,175.0
2524,193.0
2525,200.0
2526,127.0
2527,140.0
2528,128.0
2529,136.0
2530,132.0
2531,138.0
2532,200.0
2533,131.0
2534,135.0
2535,139.0
2536,180.0
2537,139.0
2538,199.0
2539,150.0
2540,200.0
2541,189.0
2542,192.0
2543,148.0
2544,190.0
2545,58.0
2546,60.0
2547,127.0
2548,61.0
2549,65.0
2550,55.0
2551,126.0
2552,106.0
2553,159.0
2554,118.0
2555,126.0
2556,156.0
2557,112.0
2558,131.0
2559,124.0
2560,118.0
2561,123.0
2562,116.0
2563,110.0
2564,133.0
2565,121.0
2566,116.0
2567,115.0
2568,112.0
2569,117.0
2570,111.0
2571,115.0
2572,103.0
2573,105.0
2574,108.0
2575,107.0
2576,109.0
2577,106.0
2578,109.0
2579,110.0
2580,113.0
2581,111.0
2582,116.0
2583,115.0
2584,101.0
2585,110.0
2586,104.0
2587,37.0
2588,106.0
2589,106.0
2590,104.0
2591,106.0
2592,106.0
2593,108.0
2594,105.0
2595,108.0
2596,112.0
2597,106.0
2598,103.0
2599,107.0
2600,110.0
2601,106.0
2602,111.0
2603,103.0
2604,110.0
2605,101.0
2606,108.0
2607,112.0
2608,114.0
2609,114.0
2610,113.0
2611,111.0
2612,107.0
2613,107.0
2614,115.0
2615,108.0
2616,14.0
2617,111.0
2618,105.0
2619,111.0
2620,112.0
2621,111.0
2622,114.0
2623,112.0
2624,110.0
2625,116.0
2626,109.0
2627,117.0
2628,108.0
2629,108.0
2630,112.0
2631,114.0
2632,112.0
2633,115.0
2634,16.0
2635,106.0
2636,107.0
2637,121.0
2638,113.0
2639,110.0
2640,112.0
2641,114.0
2642,106.0
2643,105.0
2644,106.0
2645,110.0
2646,108.0
2647,103.0
2648,104.0
2649,106.0
2650,113.0
2651,11.0
2652,106.0
2653,107.0
2654,105.0
2655,107.0
2656,114.0
2657,13.0
2658,13.0
2659,109.0
2660,107.0
2661,105.0
2662,112.0
2663,113.0
2664,110.0
2665,13.0
2666,115.0
2667,11.0
2668,111.0
2669,114.0
2670,111.0
2671,109.0
2672,12.0
2673,109.0
2674,118.0
2675,108.0
2676,114.0
2677,108.0
2678,109.0
2679,111.0
2680,113.0
2681,109.0
2682,112.0
2683,108.0
2684,111.0
2685,113.0
2686,113.0
2687,103.0
2688,107.0
2689,114.0
2690,111.0
2691,106.0
2692,106.0
2693,110.0
2694,108.0
2695,114.0
2696,108.0
2697,113.0
2698,12.0
2699,106.0
2700,113.0
2701,113.0
2702,103.0
2703,112.0
2704,109.0
2705,108.0
2706,102.0
2707,107.0
2708,109.0
2709,106.0
2710,107.0
2711,104.0
2712,107.0
2713,103.0
2714,107.0
2715,107.0
2716,106.0
2717,106.0
2718,111.0
2719,98.0
2720,109.0
2721,104.0
2722,106.0
2723,104.0
2724,106.0
2725,113.0
2726,107.0
2727,107.0
2728,106.0
2729,105.0
2730,109.0
2731,106.0
2732,106.0
2733,108.0
2734,107.0
2735,106.0
2736,107.0
2737,102.0
2738,108.0
2739,108.0
2740,103.0
2741,109.0
2742,110.0
2743,116.0
2744,110.0
2745,110.0
2746,118.0
2747,113.0
2748,110.0
2749,115.0
2750,119.0
2751,109.0
2752,114.0
2753,120.0
2754,122.0
2755,109.0
2756,121.0
2757,116.0
2758,115.0
2759,117.0
2760,117.0
2761,112.0
2762,109.0
2763,111.0
2764,110.0
2765,113.0
2766,113.0
2767,130.0
2768,109.0
2769,114.0
2770,116.0
2771,120.0
2772,118.0
2773,117.0
2774,116.0
2775,122.0
2776,124.0
2777,118.0
2778,119.0
2779,114.0
2780,129.0
2781,127.0
2782,116.0
2783,121.0
2784,117.0
2785,121.0
2786,117.0
2787,118.0
2788,117.0
2789,121.0
2790,125.0
2791,123.0
2792,120.0
2793,130.0
2794,122.0
2795,124.0
2796,127.0
2797,125.0
2798,132.0
2799,125.0
2800,134.0
2801,138.0
2802,123.0
2803,125.0
2804,124.0
2805,129.0
2806,133.0
2807,138.0
2808,133.0
2809,136.0
2810,135.0
2811,134.0
2812,131.0
2813,130.0
2814,135.0
2815,200.0
2816,132.0
2817,129.0
2818,131.0
2819,130.0
2820,162.0
2821,145.0
2822,200.0
2823,145.0
2824,200.0
2825,200.0
2826,200.0
2827,143.0
2828,200.0
2829,200.0
2830,200.0
2831,15.0
2832,200.0
2833,120.0
2834,133.0
2835,200.0
2836,200.0
2837,200.0
2838,200.0
2839,200.0
2840,200.0
2841,200.0
2842,13.0
2843,200.0
2844,200.0
2845,200.0
2846,200.0
2847,200.0
2848,200.0
2849,200.0
2850,138.0
2851,200.0
2852,200.0
2853,200.0
2854,200.0
2855,156.0
2856,200.0
2857,116.0
2858,115.0
2859,120.0
2860,200.0
2861,200.0
2862,200.0
2863,128.0
2864,130.0
2865,118.0
2866,200.0
2867,200.0
2868,118.0
2869,119.0
2870,200.0
2871,129.0
2872,126.0
2873,200.0
2874,126.0
2875,127.0
2876,200.0
2877,127.0
2878,200.0
2879,132.0
2880,135.0
2881,131.0
2882,29.0
2883,14.0
2884,125.0
2885,200.0
2886,123.0
2887,116.0
2888,130.0
2889,13.0
2890,117.0
2891,128.0
2892,126.0
2893,200.0
2894,200.0
2895,127.0
2896,129.0
2897,200.0
2898,130.0
2899,114.0
2900,145.0
2901,140.0
2902,127.0
2903,133.0
2904,130.0
2905,200.0
2906,119.0
2907,154.0
2908,133.0
2909,133.0
2910,141.0
2911,136.0
2912,123.0
2913,128.0
2914,147.0
2915,141.0
2916,140.0
2917,144.0
2918,131.0
2919,137.0
2920,140.0
2921,139.0
2922,134.0
2923,136.0
2924,139.0
2925,139.0
2926,133.0
2927,152.0
2928,131.0
2929,133.0
2930,140.0
2931,120.0
2932,177.0
2933,137.0
2934,139.0
2935,133.0
2936,192.0
2937,143.0
2938,137.0
2939,148.0
2940,135.0
2941,136.0
2942,133.0
2943,151.0
2944,148.0
2945,145.0
2946,154.0
2947,200.0
2948,129.0
2949,149.0
2950,149.0
2951,154.0
2952,140.0
2953,146.0
2954,146.0
2955,161.0
2956,167.0
2957,161.0
2958,158.0
2959,153.0
2960,157.0
2961,157.0
2962,153.0
2963,164.0
2964,168.0
2965,161.0
2966,166.0
2967,158.0
2968,182.0
2969,161.0
2970,153.0
2971,160.0
2972,198.0
2973,179.0
2974,163.0
2975,174.0
2976,176.0
2977,164.0
2978,172.0
2979,167.0
2980,200.0
2981,200.0
2982,160.0
2983,175.0
2984,136.0
2985,182.0
2986,174.0
2987,189.0
2988,200.0
2989,167.0
2990,178.0
2991,140.0
2992,156.0
2993,152.0
2994,169.0
2995,160.0
2996,159.0
2997,158.0
2998,165.0
2999,145.0
3000,156.0
3001,141.0
3002,127.0
3003,145.0
3004,154.0
3005,154.0
3006,145.0
3007,143.0
3008,141.0
3009,136.0
3010,148.0
3011,142.0
3012,157.0
3013,143.0
3014,147.0
3015,148.0
3016,156.0
3017,152.0
3018,151.0
3019,159.0
3020,161.0
3021,163.0
3022,152.0
3023,154.0
3024,173.0
3025,141.0
3026,167.0
3027,156.0
3028,152.0
3029,170.0
3030,145.0
3031,154.0
3032,155.0
3033,200.0
3034,152.0
3035,193.0
3036,148.0
3037,158.0
3038,193.0
3039,141.0
3040,159.0
3041,138.0
3042,134.0
3043,131.0
3044,154.0
3045,152.0
3046,143.0
3047,135.0
3048,145.0
3049,145.0
3050,148.0
3051,143.0
3052,123.0
3053,141.0
3054,140.0
3055,200.0
3056,173.0
3057,200.0
3058,200.0
3059,192.0
3060,200.0
3061,200.0
3062,200.0
3063,200.0
3064,200.0
3065,200.0
3066,165.0
3067,200.0
3068,200.0
3069,200.0
3070,200.0
3071,184.0
3072,161.0
3073,193.0
3074,182.0
3075,200.0
3076,200.0
3077,200.0
3078,183.0
3079,200.0
3080,188.0
3081,172.0
3082,169.0
3083,165.0
3084,178.0
3085,167.0
3086,161.0
3087,163.0
3088,157.0
3089,165.0
3090,156.0
3091,163.0
3092,163.0
3093,166.0
3094,153.0
3095,159.0
3096,167.0
3097,169.0
3098,169.0
3099,157.0
3100,172.0
3101,182.0
3102,192.0
3103,160.0
3104,175.0
3105,156.0
3106,179.0
3107,162.0
3108,183.0
3109,200.0
3110,181.0
3111,171.0
3112,164.0
3113,180.0
3114,162.0
3115,166.0
3116,180.0
3117,171.0
3118,165.0
3119,176.0
3120,169.0
3121,170.0
3122,166.0
3123,200.0
3124,190.0
3125,200.0
3126,200.0
3127,200.0
3128,200.0
3129,183.0
3130,200.0
3131,200.0
3132,200.0
3133,193.0
3134,200.0
3135,200.0
3136,200.0
3137,200.0
3138,200.0
3139,177.0
3140,200.0
3141,200.0
3142,181.0
3143,200.0
3144,126.0
3145,170.0
3146,174.0
3147,200.0
3148,200.0
3149,200.0
3150,200.0
3151,200.0
3152,200.0
3153,200.0
3154,200.0
3155,126.0
3156,200.0
3157,200.0
3158,121.0
3159,200.0
3160,67.0
3161,68.0
3162,91.0
3163,200.0
3164,200.0
3165,108.0
3166,120.0
3167,109.0
3168,139.0
3169,118.0
3170,109.0
3171,99.0
3172,95.0
3173,200.0
3174,104.0
3175,95.0
3176,103.0
3177,111.0
3178,98.0
3179,108.0
3180,116.0
3181,123.0
3182,116.0
3183,104.0
3184,131.0
3185,122.0
3186,142.0
3187,56.0
3188,47.0
3189,101.0
3190,71.0
3191,30.0
3192,13.0
3193,31.0
3194,28.0
3195,21.0
3196,32.0
3197,84.0
3198,9.0
3199,10.0
3200,38.0
3201,24.0
3202,27.0
3203,108.0
3204,200.0
3205,13.0
3206,54.0
3207,101.0
3208,41.0
3209,118.0
3210,31.0
3211,107.0
3212,193.0
3213,43.0
3214,93.0
3215,36.0
3216,21.0
3217,41.0
3218,34.0
3219,137.0
3220,96.0
3221,111.0
3222,200.0
3223,200.0
3224,110.0
3225,109.0
3226,175.0
3227,15.0
3228,200.0
3229,200.0
3230,200.0
3231,135.0
3232,200.0
3233,200.0
3234,200.0
3235,200.0
3236,200.0
3237,200.0
3238,200.0
3239,200.0
3240,200.0
3241,200.0
3242,200.0
3243,200.0
3244,200.0
3245,200.0
3246,200.0
3247,200.0
3248,200.0
3249,200.0
3250,200.0
3251,200.0
3252,200.0
3253,200.0
3254,200.0
3255,200.0
3256,200.0
3257,200.0
3258,200.0
3259,200.0
3260,200.0
3261,200.0
3262,200.0
3263,200.0
3264,200.0
3265,200.0
3266,200.0
3267,200.0
3268,200.0
3269,200.0
3270,200.0
3271,104.0
3272,189.0
3273,188.0
3274,200.0
3275,168.0
3276,98.0
3277,200.0
3278,200.0
3279,200.0
3280,200.0
3281,200.0
3282,200.0
3283,200.0
3284,200.0
3285,200.0
3286,104.0
3287,200.0
3288,200.0
3289,200.0
3290,200.0
3291,200.0
3292,172.0
3293,200.0
3294,200.0
3295,200.0
3296,200.0
3297,200.0
3298,108.0
3299,200.0
3300,159.0
3301,200.0
3302,200.0
3303,200.0
3304,149.0
3305,111.0
3306,183.0
3307,200.0
3308,172.0
3309,200.0
3310,200.0
3311,200.0
3312,200.0
3313,96.0
3314,101.0
3315,105.0
3316,200.0
3317,101.0
3318,200.0
3319,200.0
3320,136.0
3321,197.0
3322,200.0
3323,200.0
3324,200.0
3325,200.0
3326,200.0
3327,200.0
3328,160.0
3329,200.0
3330,106.0
3331,115.0
3332,140.0
3333,200.0
3334,102.0
3335,107.0
3336,200.0
3337,200.0
3338,136.0
3339,200.0
3340,200.0
3341,125.0
3342,101.0
3343,147.0
3344,200.0
3345,200.0
3346,200.0
3347,145.0
3348,159.0
3349,101.0
3350,103.0
3351,200.0
3352,110.0
3353,113.0
3354,115.0
3355,117.0
3356,105.0
3357,107.0
3358,100.0
3359,114.0
3360,100.0
3361,114.0
3362,104.0
3363,105.0
3364,103.0
3365,106.0
3366,104.0
3367,97.0
3368,101.0
3369,104.0
3370,107.0
3371,106.0
3372,177.0
3373,144.0
3374,200.0
3375,116.0
3376,113.0
3377,200.0
3378,200.0
3379,200.0
3380,200.0
3381,121.0
3382,141.0
3383,200.0
3384,200.0
3385,200.0
3386,200.0
3387,138.0
3388,200.0
3389,122.0
3390,101.0
3391,107.0
3392,200.0
3393,151.0
3394,103.0
3395,149.0
3396,200.0
3397,107.0
3398,103.0
3399,123.0
3400,116.0
3401,113.0
3402,172.0
3403,97.0
3404,113.0
3405,200.0
3406,200.0
3407,101.0
3408,123.0
3409,115.0
3410,200.0
3411,140.0
3412,200.0
3413,200.0
3414,140.0
3415,200.0
3416,109.0
3417,160.0
3418,140.0
3419,112.0
3420,200.0
3421,114.0
3422,97.0
3423,200.0
3424,114.0
3425,200.0
3426,200.0
3427,106.0
3428,200.0
3429,99.0
3430,200.0
3431,127.0
3432,200.0
3433,104.0
3434,200.0
3435,100.0
3436,200.0
3437,200.0
3438,108.0
3439,97.0
3440,104.0
3441,105.0
3442,146.0
3443,102.0
3444,97.0
3445,118.0
3446,114.0
3447,106.0
3448,200.0
3449,200.0
3450,200.0
3451,105.0
3452,200.0
3453,109.0
3454,200.0
3455,110.0
3456,200.0
3457,129.0
3458,101.0
3459,200.0
3460,200.0
3461,110.0
3462,112.0
3463,200.0
3464,200.0
3465,119.0
3466,102.0
3467,159.0
3468,102.0
3469,200.0
3470,98.0
3471,200.0
3472,110.0
3473,200.0
3474,119.0
3475,200.0
3476,200.0
3477,200.0
3478,110.0
3479,103.0
3480,138.0
3481,200.0
3482,200.0
3483,105.0
3484,200.0
3485,200.0
3486,200.0
3487,103.0
3488,107.0
3489,200.0
3490,200.0
3491,109.0
3492,200.0
3493,200.0
3494,200.0
3495,115.0
3496,200.0
3497,133.0
3498,200.0
3499,200.0
3500,200.0
3501,200.0
3502,200.0
3503,200.0
3504,200.0
3505,200.0
3506,200.0
3507,200.0
3508,200.0
3509,200.0
3510,200.0
3511,102.0
3512,104.0
3513,121.0
3514,200.0
3515,109.0
3516,200.0
3517,200.0
3518,188.0
3519,200.0
3520,200.0
3521,200.0
3522,107.0
3523,106.0
3524,102.0
3525,200.0
3526,200.0
3527,106.0
3528,200.0
3529,200.0
3530,200.0
3531,200.0
3532,200.0
3533,200.0
3534,173.0
3535,107.0
3536,200.0
3537,115.0
3538,108.0
3539,146.0
3540,111.0
3541,200.0
3542,200.0
3543,116.0
3544,98.0
3545,114.0
3546,200.0
3547,97.0
3548,104.0
3549,129.0
3550,101.0
3551,200.0
3552,97.0
3553,200.0
3554,99.0
3555,105.0
3556,200.0
3557,200.0
3558,102.0
3559,200.0
3560,104.0
3561,200.0
3562,115.0
3563,101.0
3564,200.0
3565,105.0
3566,113.0
3567,95.0
3568,94.0
3569,107.0
3570,200.0
3571,96.0
3572,113.0
3573,123.0
3574,106.0
3575,16.0
3576,94.0
3577,200.0
3578,93.0
3579,200.0
3580,200.0
3581,95.0
3582,100.0
3583,54.0
3584,92.0
3585,103.0
3586,105.0
3587,200.0
3588,114.0
3589,50.0
3590,101.0
3591,95.0
3592,126.0
3593,200.0
3594,95.0
3595,99.0
3596,200.0
3597,200.0
3598,107.0
3599,200.0
3600,200.0
3601,200.0
3602,200.0
3603,95.0
3604,111.0
3605,110.0
3606,200.0
3607,102.0
3608,200.0
3609,200.0
3610,147.0
3611,200.0
3612,180.0
3613,114.0
3614,200.0
3615,200.0
3616,194.0
3617,16.0
3618,200.0
3619,200.0
3620,90.0
3621,200.0
3622,141.0
3623,200.0
3624,200.0
3625,200.0
3626,200.0
3627,200.0
3628,161.0
3629,200.0
3630,200.0
3631,200.0
3632,111.0
3633,200.0
3634,200.0
3635,175.0
3636,200.0
3637,200.0
3638,200.0
3639,173.0
3640,200.0
3641,200.0
3642,200.0
3643,171.0
3644,200.0
3645,155.0
3646,200.0
3647,200.0
3648,200.0
3649,158.0
3650,172.0
3651,168.0
3652,200.0
3653,200.0
3654,200.0
3655,200.0
3656,200.0
3657,200.0
3658,200.0
3659,200.0
3660,200.0
3661,200.0
3662,200.0
3663,200.0
3664,200.0
3665,200.0
3666,200.0
3667,200.0
3668,200.0
3669,200.0
3670,200.0
3671,200.0
3672,200.0
3673,200.0
3674,200.0
3675,200.0
3676,200.0
3677,200.0
3678,200.0
3679,200.0
3680,200.0
3681,200.0
3682,200.0
3683,200.0
3684,200.0
3685,200.0
3686,200.0
3687,200.0
3688,200.0
3689,200.0
3690,200.0
3691,200.0
3692,200.0
3693,200.0
3694,200.0
3695,200.0
3696,200.0
3697,200.0
3698,200.0
3699,200.0
3700,184.0
3701,200.0
3702,190.0
3703,200.0
3704,200.0
3705,200.0
3706,163.0
3707,198.0
3708,200.0
3709,200.0
3710,200.0
3711,200.0
3712,191.0
3713,200.0
3714,181.0
3715,173.0
3716,177.0
3717,179.0
3718,173.0
3719,178.0
3720,179.0
3721,188.0
3722,178.0
3723,167.0
3724,186.0
3725,173.0
3726,200.0
3727,176.0
3728,162.0
3729,200.0
3730,178.0
3731,200.0
3732,158.0
3733,159.0
3734,160.0
3735,200.0
3736,171.0
3737,156.0
3738,200.0
3739,200.0
3740,177.0
3741,200.0
3742,200.0
3743,200.0
3744,200.0
3745,200.0
3746,200.0
3747,200.0
3748,200.0
3749,200.0
3750,200.0
3751,200.0
3752,151.0
3753,200.0
3754,200.0
3755,183.0
3756,199.0
3757,200.0
3758,200.0
3759,162.0
3760,200.0
3761,165.0
3762,200.0
3763,146.0
3764,200.0
3765,200.0
3766,200.0
3767,200.0
3768,200.0
3769,200.0
3770,200.0
3771,200.0
3772,200.0
3773,200.0
3774,200.0
3775,200.0
3776,200.0
3777,200.0
3778,199.0
3779,175.0
3780,165.0
3781,200.0
3782,196.0
3783,171.0
3784,200.0
3785,200.0
3786,169.0
3787,189.0
3788,169.0
3789,186.0
3790,191.0
3791,200.0
3792,178.0
3793,188.0
3794,200.0
3795,181.0
3796,200.0
3797,200.0
3798,200.0
3799,200.0
3800,200.0
3801,200.0
3802,200.0
3803,200.0
3804,200.0
3805,200.0
3806,200.0
3807,200.0
3808,200.0
3809,200.0
3810,200.0
3811,200.0
3812,200.0
3813,200.0
3814,200.0
3815,200.0
3816,200.0
3817,200.0
3818,200.0
3819,200.0
3820,200.0
3821,200.0
3822,200.0
3823,200.0
3824,200.0
3825,200.0
3826,200.0
3827,200.0
3828,200.0
3829,200.0
3830,200.0
3831,200.0
3832,200.0
3833,200.0
3834,200.0
3835,200.0
3836,200.0
3837,200.0
3838,200.0
3839,200.0
3840,200.0
3841,200.0
3842,200.0
3843,200.0
3844,200.0
3845,200.0
3846,200.0
3847,200.0
3848,200.0
3849,200.0
3850,200.0
3851,200.0
3852,200.0
3853,200.0
3854,200.0
3855,200.0
3856,200.0
3857,200.0
3858,200.0
3859,200.0
3860,200.0
3861,200.0
3862,200.0
3863,200.0
3864,200.0
3865,200.0
3866,200.0
3867,200.0
3868,200.0
3869,200.0
3870,200.0
3871,200.0
3872,200.0
3873,200.0
3874,200.0
3875,200.0
3876,200.0
3877,200.0
3878,200.0
3879,200.0
3880,200.0
3881,200.0
3882,200.0
3883,200.0
3884,200.0
3885,200.0
3886,200.0
3887,200.0
3888,200.0
3889,200.0
3890,200.0
3891,200.0
3892,200.0
3893,200.0
3894,200.0
3895,200.0
3896,14.0
3897,200.0
3898,200.0
3899,200.0
3900,200.0
3901,200.0
3902,200.0
3903,200.0
3904,200.0
3905,200.0
3906,200.0
3907,200.0
3908,200.0
3909,200.0
3910,200.0
3911,200.0
3912,200.0
3913,17.0
3914,200.0
3915,200.0
3916,200.0
3917,200.0
3918,200.0
3919,200.0
3920,200.0
3921,200.0
3922,200.0
3923,200.0
3924,200.0
3925,200.0
3926,200.0
3927,200.0
3928,200.0
3929,200.0
3930,200.0
3931,200.0
3932,200.0
3933,200.0
3934,200.0
3935,200.0
3936,11.0
3937,200.0
3938,200.0
3939,200.0
3940,200.0
3941,200.0
3942,200.0
3943,200.0
3944,200.0
3945,200.0
3946,200.0
3947,200.0
3948,200.0
3949,200.0
3950,200.0
3951,200.0
3952,200.0
3953,200.0
3954,200.0
3955,200.0
3956,200.0
3957,200.0
3958,200.0
3959,200.0
3960,200.0
3961,200.0
3962,200.0
3963,200.0
3964,200.0
3965,200.0
3966,200.0
3967,200.0
3968,200.0
3969,200.0
3970,200.0
3971,200.0
3972,200.0
3973,200.0
3974,200.0
3975,200.0
3976,200.0
3977,200.0
3978,200.0
3979,200.0
3980,200.0
3981,200.0
3982,200.0
3983,200.0
3984,200.0
3985,200.0
3986,200.0
3987,200.0
3988,200.0
3989,200.0
3990,200.0
3991,200.0
3992,200.0
3993,200.0
3994,200.0
3995,200.0
3996,200.0
3997,200.0
3998,200.0
3999,200.0
4000,200.0
4001,200.0
4002,200.0
4003,200.0
4004,200.0
4005,200.0
4006,200.0
4007,200.0
4008,200.0
4009,200.0
4010,200.0
4011,200.0
4012,200.0
4013,200.0
4014,200.0
4015,200.0
4016,200.0
4017,200.0
4018,200.0
4019,200.0
4020,200.0
4021,200.0
4022,200.0
4023,200.0
4024,200.0
4025,200.0
4026,200.0
4027,200.0
4028,200.0
4029,200.0
4030,200.0
4031,200.0
4032,200.0
4033,200.0
4034,200.0
4035,200.0
4036,200.0
4037,200.0
4038,200.0
4039,200.0
4040,200.0
4041,200.0
4042,200.0
4043,200.0
4044,200.0
4045,200.0
4046,200.0
4047,200.0
4048,200.0
4049,200.0
4050,200.0
4051,200.0
4052,200.0
4053,200.0
4054,200.0
4055,200.0
4056,200.0
4057,200.0
4058,200.0
4059,200.0
4060,200.0
4061,200.0
4062,200.0
4063,200.0
4064,200.0
4065,200.0
4066,200.0
4067,200.0
4068,200.0
4069,200.0
4070,200.0
4071,200.0
4072,200.0
4073,172.0
4074,200.0
4075,173.0
4076,200.0
4077,166.0
4078,200.0
4079,189.0
4080,200.0
4081,175.0
4082,200.0
4083,200.0
4084,200.0
4085,200.0
4086,200.0
4087,200.0
4088,200.0
4089,200.0
4090,200.0
4091,200.0
4092,161.0
4093,200.0
4094,200.0
4095,200.0
4096,200.0
4097,200.0
4098,200.0
4099,200.0
4100,200.0
4101,200.0
4102,164.0
4103,145.0
4104,200.0
4105,158.0
4106,200.0
4107,200.0
4108,200.0
4109,200.0
4110,200.0
4111,200.0
4112,165.0
4113,200.0
4114,200.0
4115,162.0
4116,200.0
4117,200.0
4118,200.0
4119,200.0
4120,200.0
4121,200.0
4122,200.0
4123,200.0
4124,200.0
4125,200.0
4126,200.0
4127,200.0
4128,200.0
4129,200.0
4130,200.0
4131,200.0
4132,200.0
4133,200.0
4134,200.0
4135,200.0
4136,200.0
4137,200.0
4138,200.0
4139,200.0
4140,200.0
4141,200.0
4142,200.0
4143,200.0
4144,200.0
4145,200.0
4146,200.0
4147,200.0
4148,200.0
4149,200.0
4150,200.0
4151,200.0
4152,200.0
4153,200.0
4154,200.0
4155,200.0
4156,200.0
4157,200.0
4158,200.0
4159,200.0
4160,200.0
4161,200.0
4162,200.0
4163,200.0
4164,200.0
4165,200.0
4166,200.0
4167,200.0
4168,200.0
4169,200.0
4170,200.0
4171,200.0
4172,200.0
4173,200.0
4174,200.0
4175,200.0
4176,200.0
4177,181.0
4178,200.0
4179,200.0
4180,200.0
4181,200.0
4182,200.0
4183,120.0
4184,200.0
4185,200.0
4186,200.0
4187,168.0
4188,200.0
4189,113.0
4190,139.0
4191,134.0
4192,128.0
4193,200.0
4194,200.0
4195,200.0
4196,137.0
4197,149.0
4198,124.0
4199,200.0
4200,155.0
4201,137.0
4202,200.0
4203,159.0
4204,139.0
4205,200.0
4206,134.0
4207,200.0
4208,124.0
4209,129.0
4210,131.0
4211,200.0
4212,139.0
4213,200.0
4214,143.0
4215,200.0
4216,136.0
4217,134.0
4218,141.0
4219,168.0
4220,200.0
4221,156.0
4222,111.0
4223,131.0
4224,137.0
4225,134.0
4226,150.0
4227,139.0
4228,147.0
4229,149.0
4230,200.0
4231,186.0
4232,134.0
4233,140.0
4234,142.0
4235,123.0
4236,133.0
4237,135.0
4238,154.0
4239,143.0
4240,137.0
4241,138.0
4242,140.0
4243,157.0
4244,142.0
4245,170.0
4246,138.0
4247,149.0
4248,158.0
4249,130.0
4250,143.0
4251,182.0
4252,185.0
4253,200.0
4254,158.0
4255,200.0
4256,200.0
4257,200.0
4258,200.0
4259,200.0
4260,168.0
4261,144.0
4262,148.0
4263,161.0
4264,138.0
4265,142.0
4266,141.0
4267,163.0
4268,187.0
4269,54.0
4270,148.0
4271,46.0
4272,200.0
4273,148.0
4274,121.0
4275,133.0
4276,129.0
4277,139.0
4278,141.0
4279,118.0
4280,133.0
4281,128.0
4282,200.0
4283,137.0
4284,126.0
4285,146.0
4286,108.0
4287,119.0
4288,117.0
4289,140.0
4290,132.0
4291,131.0
4292,133.0
4293,134.0
4294,120.0
4295,12.0
4296,138.0
4297,144.0
4298,141.0
4299,157.0
4300,141.0
4301,136.0
4302,158.0
4303,146.0
4304,200.0
4305,200.0
4306,200.0
4307,200.0
4308,200.0
4309,200.0
4310,184.0
4311,200.0
4312,200.0
4313,200.0
4314,200.0
4315,200.0
4316,200.0
4317,200.0
4318,200.0
4319,200.0
4320,200.0
4321,200.0
4322,182.0
4323,200.0
4324,200.0
4325,200.0
4326,200.0
4327,200.0
4328,200.0
4329,200.0
4330,200.0
4331,200.0
4332,200.0
4333,200.0
4334,200.0
4335,200.0
4336,200.0
4337,200.0
4338,200.0
4339,200.0
4340,200.0
4341,200.0
4342,200.0
4343,200.0
4344,200.0
4345,200.0
4346,200.0
4347,200.0
4348,200.0
4349,200.0
4350,200.0
4351,200.0
4352,200.0
4353,200.0
4354,200.0
4355,200.0
4356,200.0
4357,200.0
4358,200.0
4359,200.0
4360,200.0
4361,200.0
4362,200.0
4363,200.0
4364,200.0
4365,200.0
4366,200.0
4367,200.0
4368,200.0
4369,200.0
4370,200.0
4371,200.0
4372,200.0
4373,200.0
4374,200.0
4375,200.0
4376,200.0
4377,200.0
4378,200.0
4379,200.0
4380,200.0
4381,200.0
4382,200.0
4383,200.0
4384,200.0
4385,176.0
4386,171.0
4387,193.0
4388,189.0
4389,182.0
4390,179.0
4391,181.0
4392,166.0
4393,146.0
4394,148.0
4395,190.0
4396,200.0
4397,200.0
4398,200.0
4399,200.0
4400,200.0
4401,185.0
4402,200.0
4403,200.0
4404,200.0
4405,200.0
4406,200.0
4407,200.0
4408,200.0
4409,200.0
4410,177.0
4411,96.0
4412,200.0
4413,134.0
4414,200.0
4415,200.0
4416,200.0
4417,145.0
4418,187.0
4419,113.0
4420,194.0
4421,194.0
4422,169.0
4423,96.0
4424,194.0
4425,200.0
4426,200.0
4427,169.0
4428,97.0
4429,179.0
4430,162.0
4431,146.0
4432,161.0
4433,149.0
4434,145.0
4435,157.0
4436,170.0
4437,163.0
4438,146.0
4439,200.0
4440,182.0
4441,178.0
4442,167.0
4443,94.0
4444,165.0
4445,166.0
4446,190.0
4447,200.0
4448,188.0
4449,200.0
4450,159.0
4451,170.0
4452,198.0
4453,200.0
4454,190.0
4455,150.0
4456,171.0
4457,200.0
4458,168.0
4459,169.0
4460,192.0
4461,200.0
4462,200.0
4463,148.0
4464,153.0
4465,170.0
4466,177.0
4467,164.0
4468,165.0
4469,169.0
4470,164.0
4471,162.0
4472,151.0
4473,183.0
4474,170.0
4475,179.0
4476,155.0
4477,154.0
4478,153.0
4479,151.0
4480,99.0
4481,145.0
4482,189.0
4483,151.0
4484,164.0
4485,155.0
4486,166.0
4487,184.0
4488,167.0
4489,151.0
4490,132.0
4491,171.0
4492,161.0
4493,156.0
4494,164.0
4495,154.0
4496,170.0
4497,185.0
4498,165.0
4499,168.0
4500,163.0
4501,154.0
4502,144.0
4503,157.0
4504,167.0
4505,158.0
4506,158.0
4507,195.0
4508,157.0
4509,177.0
4510,146.0
4511,160.0
4512,173.0
4513,169.0
4514,159.0
4515,168.0
4516,163.0
4517,175.0
4518,168.0
4519,175.0
4520,169.0
4521,174.0
4522,146.0
4523,168.0
4524,159.0
4525,190.0
4526,184.0
4527,191.0
4528,185.0
4529,184.0
4530,200.0
4531,200.0
4532,200.0
4533,188.0
4534,200.0
4535,200.0
4536,200.0
4537,200.0
4538,200.0
4539,200.0
4540,200.0
4541,200.0
4542,200.0
4543,200.0
4544,200.0
4545,200.0
4546,200.0
4547,200.0
4548,200.0
4549,183.0
4550,200.0
4551,200.0
4552,186.0
4553,200.0
4554,200.0
4555,200.0
4556,200.0
4557,200.0
4558,200.0
4559,200.0
4560,200.0
4561,200.0
4562,200.0
4563,200.0
4564,200.0
4565,200.0
4566,200.0
4567,196.0
4568,200.0
4569,200.0
4570,200.0
4571,200.0
4572,200.0
4573,200.0
4574,200.0
4575,200.0
4576,200.0
4577,200.0
4578,200.0
4579,200.0
4580,200.0
4581,200.0
4582,200.0
4583,200.0
4584,200.0
4585,200.0
4586,200.0
4587,200.0
4588,200.0
4589,200.0
4590,200.0
4591,200.0
4592,200.0
4593,200.0
4594,200.0
4595,200.0
4596,200.0
4597,200.0
4598,200.0
4599,200.0
4600,200.0
4601,200.0
4602,200.0
4603,200.0
4604,200.0
4605,200.0
4606,200.0
4607,200.0
4608,200.0
4609,200.0
4610,186.0
4611,200.0
4612,200.0
4613,200.0
4614,187.0
4615,200.0
4616,200.0
4617,200.0
4618,200.0
4619,200.0
4620,200.0
4621,200.0
4622,198.0
4623,200.0
4624,200.0
4625,200.0
4626,200.0
4627,200.0
4628,200.0
4629,200.0
4630,200.0
4631,200.0
4632,200.0
4633,200.0
4634,200.0
4635,200.0
4636,200.0
4637,200.0
4638,200.0
4639,200.0
4640,200.0
4641,200.0
4642,200.0
4643,200.0
4644,200.0
4645,200.0
4646,200.0
4647,200.0
4648,200.0
4649,200.0
4650,200.0
4651,197.0
4652,200.0
4653,200.0
4654,200.0
4655,200.0
4656,200.0
4657,200.0
4658,200.0
4659,200.0
4660,200.0
4661,200.0
4662,194.0
4663,200.0
4664,200.0
4665,200.0
4666,200.0
4667,200.0
4668,200.0
4669,200.0
4670,200.0
4671,200.0
4672,200.0
4673,200.0
4674,200.0
4675,200.0
4676,200.0
4677,200.0
4678,200.0
4679,200.0
4680,200.0
4681,200.0
4682,200.0
4683,200.0
4684,200.0
4685,200.0
4686,200.0
4687,200.0
4688,200.0
4689,200.0
4690,200.0
4691,200.0
4692,200.0
4693,200.0
4694,200.0
4695,200.0
4696,200.0
4697,200.0
4698,200.0
4699,200.0
4700,200.0
4701,200.0
4702,200.0
4703,200.0
4704,200.0
4705,200.0
4706,200.0
4707,200.0
4708,200.0
4709,200.0
4710,200.0
4711,200.0
4712,200.0
4713,200.0
4714,200.0
4715,200.0
4716,200.0
4717,200.0
4718,200.0
4719,200.0
4720,200.0
4721,200.0
4722,200.0
4723,200.0
4724,200.0
4725,200.0
4726,200.0
4727,200.0
4728,200.0
4729,200.0
4730,200.0
4731,200.0
4732,200.0
4733,200.0
4734,200.0
4735,200.0
4736,200.0
4737,200.0
4738,200.0
4739,200.0
4740,200.0
4741,200.0
4742,200.0
4743,200.0
4744,200.0
4745,200.0
4746,200.0
4747,200.0
4748,200.0
4749,200.0
4750,200.0
4751,200.0
4752,200.0
4753,200.0
4754,200.0
4755,200.0
4756,200.0
4757,200.0
4758,200.0
4759,200.0
4760,200.0
4761,200.0
4762,200.0
4763,200.0
4764,200.0
4765,200.0
4766,200.0
4767,200.0
4768,200.0
4769,200.0
4770,200.0
4771,200.0
4772,200.0
4773,200.0
4774,200.0
4775,200.0
4776,200.0
4777,200.0
4778,200.0
4779,200.0
4780,200.0
4781,200.0
4782,200.0
4783,200.0
4784,200.0
4785,200.0
4786,200.0
4787,200.0
4788,200.0
4789,200.0
4790,200.0
4791,200.0
4792,200.0
4793,200.0
4794,200.0
4795,200.0
4796,200.0
4797,200.0
4798,200.0
4799,200.0
4800,200.0
4801,200.0
4802,200.0
4803,200.0
4804,200.0
4805,200.0
4806,200.0
4807,200.0
4808,200.0
4809,200.0
4810,200.0
4811,200.0
4812,200.0
4813,200.0
4814,200.0
4815,200.0
4816,200.0
4817,200.0
4818,200.0
4819,200.0
4820,200.0
4821,109.0
4822,200.0
4823,200.0
4824,200.0
4825,200.0
4826,200.0
4827,200.0
4828,200.0
4829,200.0
4830,200.0
4831,200.0
4832,200.0
4833,200.0
4834,200.0
4835,200.0
4836,200.0
4837,200.0
4838,200.0
4839,200.0
4840,200.0
4841,200.0
4842,200.0
4843,52.0
4844,200.0
4845,200.0
4846,200.0
4847,200.0
4848,63.0
4849,200.0
4850,70.0
4851,200.0
4852,200.0
4853,200.0
4854,200.0
4855,200.0
4856,200.0
4857,200.0
4858,200.0
4859,200.0
4860,59.0
4861,41.0
4862,76.0
4863,87.0
4864,70.0
4865,62.0
4866,85.0
4867,118.0
4868,200.0
4869,69.0
4870,200.0
4871,200.0
4872,100.0
4873,200.0
4874,200.0
4875,200.0
4876,90.0
4877,200.0
4878,200.0
4879,96.0
4880,200.0
4881,200.0
4882,200.0
4883,200.0
4884,200.0
4885,200.0
4886,200.0
4887,200.0
4888,200.0
4889,200.0
4890,200.0
4891,200.0
4892,200.0
4893,200.0
4894,200.0
4895,200.0
4896,200.0
4897,200.0
4898,200.0
4899,200.0
4900,200.0
4901,200.0
4902,200.0
4903,200.0
4904,200.0
4905,200.0
4906,200.0
4907,13.0
4908,200.0
4909,200.0
4910,200.0
4911,200.0
4912,200.0
4913,200.0
4914,200.0
4915,200.0
4916,200.0
4917,200.0
4918,200.0
4919,200.0
4920,200.0
4921,200.0
4922,200.0
4923,200.0
4924,200.0
4925,200.0
4926,200.0
4927,200.0
4928,200.0
4929,200.0
4930,200.0
4931,200.0
4932,200.0
4933,200.0
4934,200.0
4935,200.0
4936,200.0
4937,200.0
4938,200.0
4939,200.0
4940,200.0
4941,200.0
4942,200.0
4943,200.0
4944,200.0
4945,200.0
4946,200.0
4947,200.0
4948,200.0
4949,200.0
4950,200.0
4951,200.0
4952,200.0
4953,200.0
4954,200.0
4955,200.0
4956,200.0
4957,200.0
4958,200.0
4959,200.0
4960,200.0
4961,200.0
4962,200.0
4963,200.0
4964,200.0
4965,200.0
4966,200.0
4967,200.0
4968,200.0
4969,200.0
4970,200.0
4971,200.0
4972,200.0
4973,200.0
4974,200.0
4975,200.0
4976,200.0
4977,200.0
4978,200.0
4979,200.0
4980,200.0
4981,200.0
4982,200.0
4983,187.0
4984,200.0
4985,200.0
4986,200.0
4987,200.0
4988,200.0
4989,200.0
4990,200.0
4991,200.0
4992,200.0
4993,200.0
4994,200.0
4995,200.0
4996,200.0
4997,200.0
4998,200.0
4999,200.0
