,rewards
0,40.0
1,10.0
2,9.0
3,8.0
4,10.0
5,9.0
6,9.0
7,11.0
8,9.0
9,9.0
10,9.0
11,16.0
12,10.0
13,16.0
14,15.0
15,9.0
16,10.0
17,10.0
18,11.0
19,10.0
20,10.0
21,10.0
22,9.0
23,8.0
24,10.0
25,9.0
26,10.0
27,10.0
28,10.0
29,9.0
30,10.0
31,9.0
32,11.0
33,10.0
34,10.0
35,10.0
36,10.0
37,10.0
38,12.0
39,11.0
40,9.0
41,10.0
42,10.0
43,11.0
44,10.0
45,10.0
46,10.0
47,10.0
48,10.0
49,10.0
50,10.0
51,10.0
52,10.0
53,11.0
54,8.0
55,10.0
56,10.0
57,10.0
58,10.0
59,9.0
60,10.0
61,10.0
62,10.0
63,10.0
64,9.0
65,10.0
66,10.0
67,9.0
68,10.0
69,10.0
70,9.0
71,10.0
72,9.0
73,10.0
74,10.0
75,9.0
76,9.0
77,10.0
78,10.0
79,8.0
80,9.0
81,11.0
82,9.0
83,9.0
84,8.0
85,10.0
86,10.0
87,9.0
88,10.0
89,9.0
90,10.0
91,9.0
92,10.0
93,9.0
94,10.0
95,11.0
96,10.0
97,10.0
98,9.0
99,9.0
100,9.0
101,10.0
102,10.0
103,10.0
104,10.0
105,11.0
106,10.0
107,9.0
108,10.0
109,10.0
110,10.0
111,11.0
112,10.0
113,10.0
114,10.0
115,9.0
116,9.0
117,10.0
118,10.0
119,10.0
120,10.0
121,10.0
122,10.0
123,9.0
124,10.0
125,9.0
126,10.0
127,10.0
128,11.0
129,10.0
130,10.0
131,9.0
132,9.0
133,10.0
134,10.0
135,9.0
136,9.0
137,10.0
138,10.0
139,10.0
140,10.0
141,9.0
142,9.0
143,9.0
144,10.0
145,10.0
146,10.0
147,10.0
148,10.0
149,9.0
150,10.0
151,9.0
152,10.0
153,10.0
154,10.0
155,9.0
156,10.0
157,9.0
158,9.0
159,10.0
160,10.0
161,10.0
162,11.0
163,9.0
164,10.0
165,10.0
166,11.0
167,10.0
168,10.0
169,9.0
170,9.0
171,10.0
172,11.0
173,10.0
174,10.0
175,10.0
176,10.0
177,9.0
178,11.0
179,10.0
180,10.0
181,9.0
182,10.0
183,10.0
184,10.0
185,10.0
186,12.0
187,10.0
188,9.0
189,11.0
190,10.0
191,9.0
192,10.0
193,10.0
194,10.0
195,10.0
196,10.0
197,10.0
198,10.0
199,9.0
200,9.0
201,10.0
202,10.0
203,11.0
204,10.0
205,10.0
206,11.0
207,10.0
208,10.0
209,11.0
210,11.0
211,9.0
212,10.0
213,9.0
214,10.0
215,9.0
216,9.0
217,10.0
218,11.0
219,9.0
220,10.0
221,9.0
222,9.0
223,10.0
224,9.0
225,10.0
226,10.0
227,10.0
228,9.0
229,10.0
230,10.0
231,10.0
232,10.0
233,10.0
234,11.0
235,10.0
236,10.0
237,10.0
238,10.0
239,9.0
240,10.0
241,10.0
242,10.0
243,10.0
244,10.0
245,10.0
246,9.0
247,10.0
248,10.0
249,10.0
250,10.0
251,10.0
252,10.0
253,10.0
254,10.0
255,9.0
256,10.0
257,9.0
258,10.0
259,10.0
260,9.0
261,10.0
262,9.0
263,11.0
264,10.0
265,10.0
266,10.0
267,10.0
268,10.0
269,9.0
270,10.0
271,10.0
272,9.0
273,9.0
274,11.0
275,9.0
276,10.0
277,10.0
278,11.0
279,10.0
280,10.0
281,10.0
282,9.0
283,10.0
284,10.0
285,10.0
286,10.0
287,10.0
288,10.0
289,11.0
290,10.0
291,9.0
292,10.0
293,10.0
294,10.0
295,10.0
296,9.0
297,10.0
298,11.0
299,10.0
300,10.0
301,10.0
302,10.0
303,10.0
304,10.0
305,10.0
306,10.0
307,10.0
308,10.0
309,10.0
310,10.0
311,10.0
312,11.0
313,10.0
314,10.0
315,9.0
316,10.0
317,10.0
318,10.0
319,11.0
320,10.0
321,10.0
322,11.0
323,10.0
324,10.0
325,10.0
326,9.0
327,10.0
328,9.0
329,9.0
330,9.0
331,9.0
332,10.0
333,10.0
334,9.0
335,10.0
336,9.0
337,10.0
338,10.0
339,9.0
340,10.0
341,9.0
342,10.0
343,10.0
344,9.0
345,10.0
346,10.0
347,9.0
348,10.0
349,10.0
350,10.0
351,9.0
352,10.0
353,9.0
354,10.0
355,10.0
356,10.0
357,10.0
358,11.0
359,10.0
360,10.0
361,9.0
362,10.0
363,10.0
364,10.0
365,10.0
366,10.0
367,10.0
368,10.0
369,10.0
370,9.0
371,10.0
372,10.0
373,10.0
374,10.0
375,9.0
376,10.0
377,10.0
378,10.0
379,10.0
380,9.0
381,10.0
382,9.0
383,9.0
384,10.0
385,11.0
386,10.0
387,10.0
388,10.0
389,10.0
390,10.0
391,9.0
392,10.0
393,10.0
394,10.0
395,10.0
396,9.0
397,10.0
398,10.0
399,9.0
400,11.0
401,9.0
402,10.0
403,9.0
404,9.0
405,10.0
406,10.0
407,10.0
408,10.0
409,9.0
410,10.0
411,9.0
412,9.0
413,10.0
414,10.0
415,10.0
416,9.0
417,10.0
418,10.0
419,9.0
420,10.0
421,10.0
422,10.0
423,10.0
424,10.0
425,10.0
426,10.0
427,10.0
428,10.0
429,10.0
430,10.0
431,10.0
432,9.0
433,10.0
434,10.0
435,10.0
436,9.0
437,10.0
438,10.0
439,10.0
440,10.0
441,10.0
442,10.0
443,10.0
444,10.0
445,9.0
446,10.0
447,10.0
448,10.0
449,10.0
450,10.0
451,10.0
452,10.0
453,9.0
454,10.0
455,10.0
456,9.0
457,10.0
458,10.0
459,9.0
460,9.0
461,10.0
462,10.0
463,11.0
464,10.0
465,11.0
466,10.0
467,9.0
468,11.0
469,10.0
470,10.0
471,10.0
472,10.0
473,10.0
474,10.0
475,10.0
476,10.0
477,10.0
478,9.0
479,10.0
480,10.0
481,10.0
482,10.0
483,10.0
484,10.0
485,11.0
486,10.0
487,11.0
488,9.0
489,10.0
490,10.0
491,10.0
492,10.0
493,10.0
494,11.0
495,10.0
496,10.0
497,10.0
498,10.0
499,10.0
500,11.0
501,10.0
502,9.0
503,10.0
504,10.0
505,10.0
506,10.0
507,10.0
508,10.0
509,9.0
510,10.0
511,10.0
512,10.0
513,10.0
514,10.0
515,10.0
516,11.0
517,9.0
518,10.0
519,9.0
520,9.0
521,10.0
522,10.0
523,10.0
524,10.0
525,10.0
526,9.0
527,10.0
528,10.0
529,9.0
530,10.0
531,10.0
532,10.0
533,10.0
534,10.0
535,9.0
536,10.0
537,10.0
538,10.0
539,10.0
540,10.0
541,10.0
542,9.0
543,10.0
544,10.0
545,10.0
546,10.0
547,10.0
548,10.0
549,10.0
550,10.0
551,10.0
552,10.0
553,10.0
554,10.0
555,10.0
556,9.0
557,10.0
558,9.0
559,10.0
560,10.0
561,10.0
562,10.0
563,9.0
564,11.0
565,10.0
566,10.0
567,9.0
568,10.0
569,9.0
570,9.0
571,10.0
572,9.0
573,10.0
574,10.0
575,10.0
576,10.0
577,10.0
578,10.0
579,10.0
580,10.0
581,10.0
582,10.0
583,10.0
584,10.0
585,11.0
586,10.0
587,9.0
588,10.0
589,10.0
590,10.0
591,10.0
592,10.0
593,10.0
594,10.0
595,10.0
596,10.0
597,10.0
598,9.0
599,10.0
600,10.0
601,11.0
602,10.0
603,10.0
604,10.0
605,10.0
606,10.0
607,10.0
608,10.0
609,10.0
610,10.0
611,9.0
612,10.0
613,10.0
614,9.0
615,10.0
616,10.0
617,10.0
618,9.0
619,10.0
620,10.0
621,10.0
622,10.0
623,9.0
624,10.0
625,9.0
626,10.0
627,10.0
628,10.0
629,9.0
630,10.0
631,9.0
632,10.0
633,10.0
634,10.0
635,10.0
636,10.0
637,10.0
638,10.0
639,10.0
640,9.0
641,10.0
642,10.0
643,9.0
644,9.0
645,10.0
646,10.0
647,10.0
648,10.0
649,10.0
650,10.0
651,11.0
652,10.0
653,10.0
654,10.0
655,10.0
656,9.0
657,9.0
658,10.0
659,10.0
660,10.0
661,10.0
662,10.0
663,10.0
664,10.0
665,10.0
666,11.0
667,10.0
668,10.0
669,10.0
670,10.0
671,10.0
672,10.0
673,10.0
674,10.0
675,10.0
676,10.0
677,10.0
678,10.0
679,10.0
680,10.0
681,10.0
682,10.0
683,10.0
684,10.0
685,11.0
686,10.0
687,9.0
688,10.0
689,9.0
690,11.0
691,10.0
692,10.0
693,10.0
694,10.0
695,10.0
696,9.0
697,12.0
698,10.0
699,11.0
700,28.0
701,10.0
702,16.0
703,9.0
704,10.0
705,9.0
706,33.0
707,29.0
708,10.0
709,27.0
710,9.0
711,10.0
712,10.0
713,26.0
714,11.0
715,11.0
716,10.0
717,11.0
718,10.0
719,10.0
720,22.0
721,10.0
722,9.0
723,13.0
724,9.0
725,46.0
726,40.0
727,19.0
728,26.0
729,28.0
730,10.0
731,10.0
732,9.0
733,10.0
734,23.0
735,10.0
736,10.0
737,40.0
738,10.0
739,10.0
740,10.0
741,9.0
742,10.0
743,17.0
744,10.0
745,12.0
746,10.0
747,10.0
748,10.0
749,11.0
750,12.0
751,11.0
752,10.0
753,10.0
754,10.0
755,10.0
756,11.0
757,10.0
758,10.0
759,10.0
760,9.0
761,10.0
762,10.0
763,10.0
764,10.0
765,11.0
766,10.0
767,10.0
768,10.0
769,11.0
770,10.0
771,11.0
772,11.0
773,9.0
774,10.0
775,10.0
776,9.0
777,12.0
778,10.0
779,9.0
780,9.0
781,10.0
782,12.0
783,10.0
784,10.0
785,10.0
786,10.0
787,11.0
788,10.0
789,10.0
790,10.0
791,9.0
792,10.0
793,11.0
794,10.0
795,10.0
796,10.0
797,9.0
798,11.0
799,10.0
800,11.0
801,10.0
802,11.0
803,10.0
804,14.0
805,10.0
806,11.0
807,10.0
808,11.0
809,10.0
810,13.0
811,12.0
812,10.0
813,10.0
814,10.0
815,10.0
816,9.0
817,9.0
818,10.0
819,10.0
820,10.0
821,10.0
822,10.0
823,11.0
824,10.0
825,11.0
826,10.0
827,9.0
828,10.0
829,10.0
830,10.0
831,10.0
832,10.0
833,11.0
834,10.0
835,10.0
836,12.0
837,11.0
838,11.0
839,11.0
840,11.0
841,12.0
842,11.0
843,10.0
844,10.0
845,11.0
846,9.0
847,11.0
848,9.0
849,10.0
850,9.0
851,10.0
852,11.0
853,11.0
854,10.0
855,12.0
856,11.0
857,9.0
858,10.0
859,11.0
860,27.0
861,9.0
862,10.0
863,11.0
864,10.0
865,28.0
866,9.0
867,10.0
868,10.0
869,9.0
870,10.0
871,12.0
872,13.0
873,9.0
874,23.0
875,10.0
876,24.0
877,12.0
878,26.0
879,10.0
880,11.0
881,24.0
882,24.0
883,27.0
884,24.0
885,10.0
886,27.0
887,24.0
888,12.0
889,10.0
890,10.0
891,12.0
892,23.0
893,23.0
894,10.0
895,9.0
896,10.0
897,10.0
898,27.0
899,10.0
900,22.0
901,10.0
902,10.0
903,10.0
904,20.0
905,10.0
906,9.0
907,23.0
908,23.0
909,11.0
910,10.0
911,22.0
912,10.0
913,10.0
914,19.0
915,10.0
916,10.0
917,27.0
918,10.0
919,10.0
920,27.0
921,10.0
922,9.0
923,10.0
924,23.0
925,10.0
926,11.0
927,21.0
928,19.0
929,20.0
930,27.0
931,10.0
932,26.0
933,20.0
934,11.0
935,11.0
936,10.0
937,24.0
938,9.0
939,10.0
940,26.0
941,26.0
942,9.0
943,10.0
944,12.0
945,10.0
946,13.0
947,24.0
948,10.0
949,11.0
950,10.0
951,10.0
952,22.0
953,23.0
954,23.0
955,23.0
956,26.0
957,9.0
958,10.0
959,23.0
960,11.0
961,27.0
962,20.0
963,11.0
964,27.0
965,10.0
966,23.0
967,10.0
968,19.0
969,9.0
970,11.0
971,20.0
972,43.0
973,23.0
974,10.0
975,11.0
976,23.0
977,10.0
978,10.0
979,26.0
980,11.0
981,19.0
982,10.0
983,10.0
984,27.0
985,11.0
986,11.0
987,27.0
988,12.0
989,10.0
990,10.0
991,10.0
992,10.0
993,24.0
994,10.0
995,24.0
996,27.0
997,10.0
998,20.0
999,11.0
1000,10.0
1001,10.0
1002,10.0
1003,9.0
1004,24.0
1005,10.0
1006,10.0
1007,10.0
1008,20.0
1009,10.0
1010,11.0
1011,19.0
1012,10.0
1013,26.0
1014,10.0
1015,10.0
1016,11.0
1017,10.0
1018,10.0
1019,10.0
1020,9.0
1021,12.0
1022,10.0
1023,27.0
1024,26.0
1025,10.0
1026,10.0
1027,9.0
1028,10.0
1029,10.0
1030,10.0
1031,10.0
1032,10.0
1033,10.0
1034,10.0
1035,9.0
1036,10.0
1037,9.0
1038,10.0
1039,10.0
1040,9.0
1041,10.0
1042,10.0
1043,10.0
1044,10.0
1045,10.0
1046,11.0
1047,9.0
1048,9.0
1049,10.0
1050,9.0
1051,10.0
1052,10.0
1053,10.0
1054,10.0
1055,10.0
1056,10.0
1057,11.0
1058,10.0
1059,10.0
1060,10.0
1061,11.0
1062,10.0
1063,10.0
1064,10.0
1065,10.0
1066,10.0
1067,10.0
1068,10.0
1069,10.0
1070,10.0
1071,10.0
1072,10.0
1073,10.0
1074,9.0
1075,10.0
1076,10.0
1077,10.0
1078,11.0
1079,9.0
1080,9.0
1081,12.0
1082,9.0
1083,11.0
1084,10.0
1085,10.0
1086,10.0
1087,10.0
1088,9.0
1089,11.0
1090,9.0
1091,10.0
1092,10.0
1093,9.0
1094,10.0
1095,10.0
1096,10.0
1097,11.0
1098,9.0
1099,10.0
1100,10.0
1101,10.0
1102,10.0
1103,9.0
1104,10.0
1105,10.0
1106,10.0
1107,9.0
1108,10.0
1109,9.0
1110,10.0
1111,9.0
1112,10.0
1113,10.0
1114,10.0
1115,10.0
1116,10.0
1117,10.0
1118,9.0
1119,10.0
1120,11.0
1121,10.0
1122,9.0
1123,10.0
1124,10.0
1125,10.0
1126,10.0
1127,10.0
1128,10.0
1129,10.0
1130,10.0
1131,10.0
1132,10.0
1133,10.0
1134,10.0
1135,10.0
1136,9.0
1137,11.0
1138,10.0
1139,10.0
1140,10.0
1141,10.0
1142,10.0
1143,10.0
1144,11.0
1145,12.0
1146,10.0
1147,10.0
1148,13.0
1149,10.0
1150,13.0
1151,12.0
1152,10.0
1153,10.0
1154,26.0
1155,12.0
1156,9.0
1157,10.0
1158,10.0
1159,22.0
1160,10.0
1161,10.0
1162,20.0
1163,10.0
1164,27.0
1165,10.0
1166,10.0
1167,24.0
1168,23.0
1169,20.0
1170,20.0
1171,10.0
1172,10.0
1173,9.0
1174,10.0
1175,9.0
1176,20.0
1177,22.0
1178,10.0
1179,10.0
1180,10.0
1181,9.0
1182,22.0
1183,20.0
1184,9.0
1185,9.0
1186,16.0
1187,22.0
1188,10.0
1189,10.0
1190,19.0
1191,10.0
1192,10.0
1193,10.0
1194,10.0
1195,10.0
1196,19.0
1197,12.0
1198,10.0
1199,10.0
1200,16.0
1201,10.0
1202,16.0
1203,10.0
1204,18.0
1205,16.0
1206,14.0
1207,22.0
1208,10.0
1209,15.0
1210,15.0
1211,19.0
1212,12.0
1213,10.0
1214,16.0
1215,13.0
1216,11.0
1217,16.0
1218,9.0
1219,10.0
1220,13.0
1221,10.0
1222,14.0
1223,9.0
1224,14.0
1225,10.0
1226,10.0
1227,15.0
1228,10.0
1229,10.0
1230,10.0
1231,10.0
1232,16.0
1233,16.0
1234,9.0
1235,10.0
1236,15.0
1237,15.0
1238,9.0
1239,15.0
1240,9.0
1241,16.0
1242,10.0
1243,10.0
1244,14.0
1245,12.0
1246,16.0
1247,16.0
1248,10.0
1249,9.0
1250,10.0
1251,15.0
1252,10.0
1253,10.0
1254,15.0
1255,11.0
1256,15.0
1257,9.0
1258,10.0
1259,13.0
1260,15.0
1261,12.0
1262,15.0
1263,10.0
1264,13.0
1265,9.0
1266,15.0
1267,10.0
1268,9.0
1269,13.0
1270,19.0
1271,10.0
1272,15.0
1273,15.0
1274,10.0
1275,15.0
1276,15.0
1277,13.0
1278,10.0
1279,15.0
1280,9.0
1281,11.0
1282,10.0
1283,10.0
1284,11.0
1285,13.0
1286,10.0
1287,11.0
1288,10.0
1289,13.0
1290,10.0
1291,15.0
1292,10.0
1293,15.0
1294,17.0
1295,10.0
1296,15.0
1297,15.0
1298,13.0
1299,14.0
1300,10.0
1301,11.0
1302,13.0
1303,9.0
1304,11.0
1305,10.0
1306,13.0
1307,10.0
1308,13.0
1309,10.0
1310,10.0
1311,12.0
1312,10.0
1313,14.0
1314,10.0
1315,10.0
1316,10.0
1317,10.0
1318,15.0
1319,11.0
1320,10.0
1321,14.0
1322,17.0
1323,9.0
1324,9.0
1325,10.0
1326,16.0
1327,15.0
1328,13.0
1329,15.0
1330,16.0
1331,10.0
1332,14.0
1333,12.0
1334,11.0
1335,10.0
1336,15.0
1337,15.0
1338,21.0
1339,13.0
1340,11.0
1341,13.0
1342,10.0
1343,10.0
1344,10.0
1345,11.0
1346,25.0
1347,10.0
1348,10.0
1349,9.0
1350,10.0
1351,11.0
1352,10.0
1353,14.0
1354,9.0
1355,10.0
1356,12.0
1357,10.0
1358,10.0
1359,15.0
1360,10.0
1361,9.0
1362,13.0
1363,10.0
1364,10.0
1365,9.0
1366,10.0
1367,15.0
1368,30.0
1369,26.0
1370,14.0
1371,17.0
1372,10.0
1373,33.0
1374,11.0
1375,19.0
1376,14.0
1377,10.0
1378,10.0
1379,9.0
1380,13.0
1381,15.0
1382,12.0
1383,10.0
1384,22.0
1385,9.0
1386,10.0
1387,10.0
1388,22.0
1389,33.0
1390,12.0
1391,16.0
1392,10.0
1393,10.0
1394,15.0
1395,10.0
1396,18.0
1397,26.0
1398,12.0
1399,14.0
1400,16.0
1401,15.0
1402,10.0
1403,17.0
1404,9.0
1405,14.0
1406,10.0
1407,10.0
1408,10.0
1409,15.0
1410,23.0
1411,23.0
1412,17.0
1413,12.0
1414,13.0
1415,9.0
1416,9.0
1417,15.0
1418,9.0
1419,19.0
1420,14.0
1421,10.0
1422,21.0
1423,22.0
1424,21.0
1425,19.0
1426,11.0
1427,15.0
1428,16.0
1429,10.0
1430,11.0
1431,23.0
1432,29.0
1433,10.0
1434,20.0
1435,15.0
1436,13.0
1437,27.0
1438,9.0
1439,11.0
1440,10.0
1441,9.0
1442,14.0
1443,26.0
1444,11.0
1445,9.0
1446,10.0
1447,21.0
1448,9.0
1449,9.0
1450,15.0
1451,9.0
1452,15.0
1453,20.0
1454,9.0
1455,12.0
1456,9.0
1457,9.0
1458,9.0
1459,10.0
1460,9.0
1461,9.0
1462,9.0
1463,10.0
1464,10.0
1465,12.0
1466,9.0
1467,10.0
1468,9.0
1469,9.0
1470,9.0
1471,10.0
1472,9.0
1473,10.0
1474,8.0
1475,10.0
1476,9.0
1477,11.0
1478,10.0
1479,9.0
1480,10.0
1481,10.0
1482,9.0
1483,9.0
1484,10.0
1485,9.0
1486,9.0
1487,10.0
1488,8.0
1489,9.0
1490,11.0
1491,8.0
1492,9.0
1493,10.0
1494,10.0
1495,9.0
1496,8.0
1497,8.0
1498,10.0
1499,10.0
1500,8.0
1501,9.0
1502,9.0
1503,9.0
1504,9.0
1505,10.0
1506,9.0
1507,11.0
1508,10.0
1509,10.0
1510,10.0
1511,10.0
1512,10.0
1513,10.0
1514,10.0
1515,9.0
1516,10.0
1517,10.0
1518,11.0
1519,11.0
1520,10.0
1521,10.0
1522,10.0
1523,10.0
1524,10.0
1525,9.0
1526,10.0
1527,9.0
1528,9.0
1529,9.0
1530,10.0
1531,9.0
1532,10.0
1533,10.0
1534,9.0
1535,9.0
1536,8.0
1537,10.0
1538,8.0
1539,10.0
1540,9.0
1541,9.0
1542,8.0
1543,8.0
1544,10.0
1545,10.0
1546,8.0
1547,9.0
1548,8.0
1549,9.0
1550,10.0
1551,9.0
1552,8.0
1553,8.0
1554,10.0
1555,8.0
1556,10.0
1557,10.0
1558,8.0
1559,10.0
1560,8.0
1561,9.0
1562,10.0
1563,10.0
1564,8.0
1565,9.0
1566,9.0
1567,10.0
1568,9.0
1569,10.0
1570,8.0
1571,10.0
1572,9.0
1573,10.0
1574,10.0
1575,9.0
1576,9.0
1577,10.0
1578,10.0
1579,9.0
1580,10.0
1581,8.0
1582,10.0
1583,10.0
1584,9.0
1585,9.0
1586,10.0
1587,10.0
1588,9.0
1589,10.0
1590,10.0
1591,9.0
1592,8.0
1593,10.0
1594,11.0
1595,10.0
1596,9.0
1597,10.0
1598,10.0
1599,9.0
1600,11.0
1601,11.0
1602,9.0
1603,10.0
1604,9.0
1605,10.0
1606,10.0
1607,9.0
1608,10.0
1609,11.0
1610,10.0
1611,10.0
1612,9.0
1613,9.0
1614,10.0
1615,10.0
1616,10.0
1617,10.0
1618,10.0
1619,10.0
1620,10.0
1621,10.0
1622,10.0
1623,9.0
1624,10.0
1625,10.0
1626,9.0
1627,10.0
1628,8.0
1629,9.0
1630,10.0
1631,8.0
1632,10.0
1633,9.0
1634,9.0
1635,10.0
1636,9.0
1637,9.0
1638,10.0
1639,8.0
1640,10.0
1641,10.0
1642,10.0
1643,11.0
1644,9.0
1645,8.0
1646,8.0
1647,9.0
1648,9.0
1649,10.0
1650,10.0
1651,10.0
1652,11.0
1653,10.0
1654,11.0
1655,10.0
1656,9.0
1657,8.0
1658,10.0
1659,9.0
1660,9.0
1661,9.0
1662,10.0
1663,10.0
1664,11.0
1665,9.0
1666,9.0
1667,8.0
1668,10.0
1669,9.0
1670,9.0
1671,10.0
1672,10.0
1673,10.0
1674,10.0
1675,10.0
1676,10.0
1677,9.0
1678,10.0
1679,11.0
1680,10.0
1681,9.0
1682,10.0
1683,10.0
1684,9.0
1685,10.0
1686,10.0
1687,8.0
1688,9.0
1689,10.0
1690,10.0
1691,10.0
1692,10.0
1693,10.0
1694,9.0
1695,10.0
1696,10.0
1697,9.0
1698,9.0
1699,10.0
1700,10.0
1701,10.0
1702,9.0
1703,10.0
1704,10.0
1705,11.0
1706,10.0
1707,11.0
1708,10.0
1709,10.0
1710,10.0
1711,9.0
1712,9.0
1713,10.0
1714,10.0
1715,10.0
1716,10.0
1717,11.0
1718,10.0
1719,10.0
1720,10.0
1721,10.0
1722,10.0
1723,10.0
1724,10.0
1725,10.0
1726,10.0
1727,9.0
1728,9.0
1729,10.0
1730,11.0
1731,11.0
1732,10.0
1733,9.0
1734,9.0
1735,10.0
1736,9.0
1737,9.0
1738,10.0
1739,10.0
1740,9.0
1741,9.0
1742,12.0
1743,10.0
1744,10.0
1745,10.0
1746,10.0
1747,8.0
1748,11.0
1749,10.0
1750,10.0
1751,9.0
1752,10.0
1753,11.0
1754,9.0
1755,10.0
1756,9.0
1757,10.0
1758,10.0
1759,10.0
1760,10.0
1761,10.0
1762,10.0
1763,10.0
1764,10.0
1765,10.0
1766,10.0
1767,9.0
1768,10.0
1769,10.0
1770,10.0
1771,11.0
1772,10.0
1773,10.0
1774,10.0
1775,10.0
1776,9.0
1777,10.0
1778,9.0
1779,10.0
1780,10.0
1781,9.0
1782,10.0
1783,10.0
1784,9.0
1785,11.0
1786,10.0
1787,9.0
1788,11.0
1789,10.0
1790,9.0
1791,10.0
1792,9.0
1793,10.0
1794,10.0
1795,11.0
1796,9.0
1797,10.0
1798,10.0
1799,10.0
1800,9.0
1801,10.0
1802,10.0
1803,10.0
1804,10.0
1805,11.0
1806,9.0
1807,10.0
1808,9.0
1809,10.0
1810,10.0
1811,9.0
1812,10.0
1813,10.0
1814,10.0
1815,9.0
1816,11.0
1817,10.0
1818,9.0
1819,9.0
1820,10.0
1821,10.0
1822,10.0
1823,9.0
1824,11.0
1825,11.0
1826,10.0
1827,9.0
1828,10.0
1829,9.0
1830,27.0
1831,10.0
1832,11.0
1833,10.0
1834,9.0
1835,9.0
1836,10.0
1837,11.0
1838,11.0
1839,10.0
1840,27.0
1841,27.0
1842,10.0
1843,10.0
1844,27.0
1845,11.0
1846,9.0
1847,10.0
1848,10.0
1849,27.0
1850,9.0
1851,11.0
1852,27.0
1853,27.0
1854,23.0
1855,10.0
1856,10.0
1857,10.0
1858,10.0
1859,9.0
1860,22.0
1861,9.0
1862,10.0
1863,10.0
1864,26.0
1865,10.0
1866,23.0
1867,10.0
1868,9.0
1869,11.0
1870,22.0
1871,10.0
1872,20.0
1873,10.0
1874,20.0
1875,23.0
1876,10.0
1877,19.0
1878,19.0
1879,10.0
1880,9.0
1881,26.0
1882,11.0
1883,10.0
1884,22.0
1885,19.0
1886,14.0
1887,10.0
1888,13.0
1889,10.0
1890,13.0
1891,10.0
1892,10.0
1893,22.0
1894,22.0
1895,11.0
1896,22.0
1897,23.0
1898,10.0
1899,19.0
1900,22.0
1901,22.0
1902,10.0
1903,19.0
1904,11.0
1905,27.0
1906,10.0
1907,22.0
1908,23.0
1909,10.0
1910,10.0
1911,10.0
1912,10.0
1913,9.0
1914,10.0
1915,10.0
1916,10.0
1917,22.0
1918,11.0
1919,18.0
1920,14.0
1921,11.0
1922,10.0
1923,11.0
1924,16.0
1925,9.0
1926,12.0
1927,10.0
1928,19.0
1929,10.0
1930,23.0
1931,10.0
1932,9.0
1933,10.0
1934,10.0
1935,18.0
1936,12.0
1937,16.0
1938,10.0
1939,11.0
1940,11.0
1941,10.0
1942,10.0
1943,10.0
1944,10.0
1945,10.0
1946,10.0
1947,9.0
1948,10.0
1949,10.0
1950,10.0
1951,13.0
1952,14.0
1953,10.0
1954,10.0
1955,28.0
1956,10.0
1957,10.0
1958,23.0
1959,14.0
1960,10.0
1961,25.0
1962,10.0
1963,10.0
1964,14.0
1965,10.0
1966,16.0
1967,19.0
1968,16.0
1969,9.0
1970,16.0
1971,18.0
1972,10.0
1973,9.0
1974,13.0
1975,29.0
1976,10.0
1977,15.0
1978,11.0
1979,25.0
1980,10.0
1981,12.0
1982,10.0
1983,18.0
1984,10.0
1985,9.0
1986,16.0
1987,15.0
1988,9.0
1989,10.0
1990,9.0
1991,10.0
1992,16.0
1993,16.0
1994,19.0
1995,15.0
1996,10.0
1997,13.0
1998,10.0
1999,16.0
2000,13.0
2001,9.0
2002,10.0
2003,10.0
2004,10.0
2005,9.0
2006,10.0
2007,9.0
2008,10.0
2009,11.0
2010,11.0
2011,9.0
2012,9.0
2013,10.0
2014,9.0
2015,10.0
2016,10.0
2017,9.0
2018,10.0
2019,27.0
2020,10.0
2021,10.0
2022,13.0
2023,11.0
2024,11.0
2025,28.0
2026,10.0
2027,11.0
2028,11.0
2029,28.0
2030,9.0
2031,13.0
2032,14.0
2033,11.0
2034,10.0
2035,17.0
2036,9.0
2037,10.0
2038,13.0
2039,15.0
2040,9.0
2041,9.0
2042,10.0
2043,10.0
2044,9.0
2045,12.0
2046,11.0
2047,10.0
2048,14.0
2049,10.0
2050,10.0
2051,9.0
2052,10.0
2053,10.0
2054,9.0
2055,13.0
2056,16.0
2057,10.0
2058,13.0
2059,11.0
2060,11.0
2061,10.0
2062,14.0
2063,23.0
2064,10.0
2065,11.0
2066,15.0
2067,10.0
2068,17.0
2069,19.0
2070,19.0
2071,14.0
2072,10.0
2073,12.0
2074,17.0
2075,11.0
2076,11.0
2077,10.0
2078,10.0
2079,11.0
2080,10.0
2081,16.0
2082,9.0
2083,15.0
2084,17.0
2085,13.0
2086,12.0
2087,11.0
2088,21.0
2089,10.0
2090,10.0
2091,16.0
2092,10.0
2093,9.0
2094,15.0
2095,10.0
2096,11.0
2097,10.0
2098,21.0
2099,15.0
2100,10.0
2101,15.0
2102,9.0
2103,10.0
2104,10.0
2105,10.0
2106,9.0
2107,10.0
2108,10.0
2109,10.0
2110,15.0
2111,17.0
2112,9.0
2113,17.0
2114,10.0
2115,10.0
2116,19.0
2117,108.0
2118,10.0
2119,11.0
2120,17.0
2121,12.0
2122,10.0
2123,11.0
2124,9.0
2125,10.0
2126,13.0
2127,19.0
2128,10.0
2129,14.0
2130,15.0
2131,21.0
2132,17.0
2133,17.0
2134,10.0
2135,10.0
2136,10.0
2137,9.0
2138,10.0
2139,10.0
2140,10.0
2141,12.0
2142,9.0
2143,10.0
2144,11.0
2145,13.0
2146,15.0
2147,21.0
2148,9.0
2149,10.0
2150,10.0
2151,10.0
2152,11.0
2153,10.0
2154,10.0
2155,15.0
2156,10.0
2157,13.0
2158,11.0
2159,10.0
2160,17.0
2161,13.0
2162,13.0
2163,23.0
2164,17.0
2165,10.0
2166,11.0
2167,97.0
2168,91.0
2169,10.0
2170,10.0
2171,10.0
2172,21.0
2173,10.0
2174,10.0
2175,10.0
2176,10.0
2177,9.0
2178,11.0
2179,11.0
2180,10.0
2181,10.0
2182,10.0
2183,10.0
2184,10.0
2185,17.0
2186,10.0
2187,19.0
2188,10.0
2189,10.0
2190,10.0
2191,10.0
2192,101.0
2193,10.0
2194,19.0
2195,17.0
2196,103.0
2197,17.0
2198,13.0
2199,21.0
2200,117.0
2201,11.0
2202,10.0
2203,23.0
2204,9.0
2205,95.0
2206,10.0
2207,15.0
2208,9.0
2209,10.0
2210,10.0
2211,10.0
2212,23.0
2213,21.0
2214,10.0
2215,10.0
2216,10.0
2217,12.0
2218,9.0
2219,17.0
2220,10.0
2221,10.0
2222,25.0
2223,11.0
2224,90.0
2225,10.0
2226,10.0
2227,9.0
2228,11.0
2229,13.0
2230,10.0
2231,10.0
2232,11.0
2233,96.0
2234,13.0
2235,10.0
2236,27.0
2237,15.0
2238,13.0
2239,10.0
2240,9.0
2241,37.0
2242,10.0
2243,12.0
2244,10.0
2245,10.0
2246,21.0
2247,10.0
2248,9.0
2249,9.0
2250,17.0
2251,10.0
2252,19.0
2253,10.0
2254,11.0
2255,19.0
2256,10.0
2257,11.0
2258,15.0
2259,10.0
2260,13.0
2261,11.0
2262,10.0
2263,23.0
2264,10.0
2265,17.0
2266,21.0
2267,10.0
2268,31.0
2269,10.0
2270,10.0
2271,10.0
2272,10.0
2273,19.0
2274,17.0
2275,15.0
2276,11.0
2277,17.0
2278,10.0
2279,21.0
2280,10.0
2281,17.0
2282,11.0
2283,13.0
2284,94.0
2285,9.0
2286,10.0
2287,10.0
2288,10.0
2289,9.0
2290,11.0
2291,11.0
2292,11.0
2293,23.0
2294,10.0
2295,10.0
2296,13.0
2297,10.0
2298,10.0
2299,21.0
2300,21.0
2301,15.0
2302,10.0
2303,9.0
2304,10.0
2305,13.0
2306,23.0
2307,10.0
2308,11.0
2309,25.0
2310,10.0
2311,9.0
2312,13.0
2313,17.0
2314,11.0
2315,10.0
2316,10.0
2317,52.0
2318,86.0
2319,11.0
2320,9.0
2321,10.0
2322,10.0
2323,10.0
2324,21.0
2325,11.0
2326,11.0
2327,10.0
2328,10.0
2329,10.0
2330,15.0
2331,9.0
2332,10.0
2333,78.0
2334,11.0
2335,27.0
2336,17.0
2337,9.0
2338,9.0
2339,10.0
2340,11.0
2341,21.0
2342,31.0
2343,11.0
2344,10.0
2345,13.0
2346,12.0
2347,12.0
2348,70.0
2349,19.0
2350,10.0
2351,11.0
2352,77.0
2353,19.0
2354,10.0
2355,10.0
2356,9.0
2357,10.0
2358,12.0
2359,10.0
2360,10.0
2361,9.0
2362,34.0
2363,10.0
2364,10.0
2365,10.0
2366,11.0
2367,10.0
2368,10.0
2369,81.0
2370,19.0
2371,10.0
2372,10.0
2373,17.0
2374,10.0
2375,10.0
2376,10.0
2377,10.0
2378,10.0
2379,10.0
2380,17.0
2381,9.0
2382,10.0
2383,10.0
2384,11.0
2385,10.0
2386,13.0
2387,10.0
2388,11.0
2389,10.0
2390,19.0
2391,27.0
2392,10.0
2393,13.0
2394,17.0
2395,10.0
2396,12.0
2397,10.0
2398,17.0
2399,84.0
2400,25.0
2401,19.0
2402,10.0
2403,11.0
2404,10.0
2405,9.0
2406,14.0
2407,11.0
2408,10.0
2409,9.0
2410,17.0
2411,10.0
2412,10.0
2413,13.0
2414,16.0
2415,17.0
2416,10.0
2417,10.0
2418,24.0
2419,10.0
2420,10.0
2421,10.0
2422,9.0
2423,11.0
2424,19.0
2425,11.0
2426,13.0
2427,16.0
2428,17.0
2429,11.0
2430,10.0
2431,10.0
2432,10.0
2433,14.0
2434,9.0
2435,15.0
2436,15.0
2437,10.0
2438,10.0
2439,10.0
2440,10.0
2441,71.0
2442,23.0
2443,10.0
2444,13.0
2445,10.0
2446,61.0
2447,13.0
2448,16.0
2449,16.0
2450,10.0
2451,10.0
2452,10.0
2453,11.0
2454,17.0
2455,10.0
2456,11.0
2457,10.0
2458,19.0
2459,21.0
2460,9.0
2461,10.0
2462,13.0
2463,11.0
2464,9.0
2465,29.0
2466,21.0
2467,10.0
2468,33.0
2469,23.0
2470,17.0
2471,10.0
2472,13.0
2473,17.0
2474,10.0
2475,24.0
2476,10.0
2477,10.0
2478,10.0
2479,12.0
2480,13.0
2481,15.0
2482,41.0
2483,11.0
2484,82.0
2485,19.0
2486,10.0
2487,10.0
2488,12.0
2489,15.0
2490,10.0
2491,13.0
2492,15.0
2493,9.0
2494,10.0
2495,10.0
2496,21.0
2497,17.0
2498,19.0
2499,10.0
2500,9.0
2501,11.0
2502,9.0
2503,75.0
2504,9.0
2505,13.0
2506,23.0
2507,10.0
2508,24.0
2509,10.0
2510,10.0
2511,9.0
2512,11.0
2513,10.0
2514,10.0
2515,10.0
2516,18.0
2517,13.0
2518,10.0
2519,9.0
2520,10.0
2521,15.0
2522,22.0
2523,10.0
2524,10.0
2525,10.0
2526,9.0
2527,9.0
2528,15.0
2529,9.0
2530,10.0
2531,10.0
2532,27.0
2533,22.0
2534,12.0
2535,10.0
2536,10.0
2537,17.0
2538,13.0
2539,17.0
2540,10.0
2541,10.0
2542,9.0
2543,19.0
2544,15.0
2545,13.0
2546,10.0
2547,26.0
2548,20.0
2549,21.0
2550,13.0
2551,10.0
2552,14.0
2553,17.0
2554,23.0
2555,10.0
2556,10.0
2557,10.0
2558,10.0
2559,10.0
2560,10.0
2561,60.0
2562,10.0
2563,19.0
2564,9.0
2565,10.0
2566,9.0
2567,15.0
2568,21.0
2569,10.0
2570,10.0
2571,10.0
2572,9.0
2573,9.0
2574,11.0
2575,10.0
2576,10.0
2577,10.0
2578,10.0
2579,23.0
2580,15.0
2581,10.0
2582,10.0
2583,10.0
2584,10.0
2585,19.0
2586,10.0
2587,65.0
2588,10.0
2589,28.0
2590,10.0
2591,10.0
2592,17.0
2593,14.0
2594,17.0
2595,17.0
2596,21.0
2597,10.0
2598,10.0
2599,19.0
2600,9.0
2601,15.0
2602,11.0
2603,10.0
2604,10.0
2605,9.0
2606,10.0
2607,9.0
2608,9.0
2609,9.0
2610,10.0
2611,15.0
2612,10.0
2613,11.0
2614,9.0
2615,30.0
2616,55.0
2617,10.0
2618,10.0
2619,39.0
2620,17.0
2621,15.0
2622,23.0
2623,10.0
2624,10.0
2625,8.0
2626,23.0
2627,11.0
2628,10.0
2629,10.0
2630,10.0
2631,10.0
2632,9.0
2633,17.0
2634,10.0
2635,21.0
2636,11.0
2637,11.0
2638,17.0
2639,17.0
2640,19.0
2641,71.0
2642,11.0
2643,10.0
2644,10.0
2645,10.0
2646,16.0
2647,9.0
2648,10.0
2649,10.0
2650,24.0
2651,9.0
2652,17.0
2653,10.0
2654,9.0
2655,9.0
2656,13.0
2657,10.0
2658,10.0
2659,10.0
2660,10.0
2661,10.0
2662,29.0
2663,29.0
2664,11.0
2665,16.0
2666,10.0
2667,10.0
2668,11.0
2669,29.0
2670,9.0
2671,11.0
2672,10.0
2673,16.0
2674,9.0
2675,9.0
2676,10.0
2677,10.0
2678,10.0
2679,22.0
2680,11.0
2681,12.0
2682,24.0
2683,10.0
2684,10.0
2685,10.0
2686,10.0
2687,9.0
2688,10.0
2689,11.0
2690,10.0
2691,10.0
2692,9.0
2693,14.0
2694,56.0
2695,15.0
2696,10.0
2697,10.0
2698,11.0
2699,9.0
2700,132.0
2701,10.0
2702,10.0
2703,11.0
2704,10.0
2705,11.0
2706,10.0
2707,10.0
2708,9.0
2709,11.0
2710,90.0
2711,8.0
2712,10.0
2713,77.0
2714,10.0
2715,58.0
2716,10.0
2717,8.0
2718,9.0
2719,10.0
2720,9.0
2721,19.0
2722,69.0
2723,10.0
2724,9.0
2725,90.0
2726,11.0
2727,11.0
2728,9.0
2729,34.0
2730,50.0
2731,10.0
2732,10.0
2733,10.0
2734,8.0
2735,9.0
2736,10.0
2737,11.0
2738,10.0
2739,10.0
2740,29.0
2741,9.0
2742,10.0
2743,10.0
2744,8.0
2745,64.0
2746,68.0
2747,36.0
2748,8.0
2749,8.0
2750,9.0
2751,11.0
2752,30.0
2753,10.0
2754,10.0
2755,9.0
2756,9.0
2757,50.0
2758,83.0
2759,80.0
2760,69.0
2761,50.0
2762,8.0
2763,52.0
2764,118.0
2765,9.0
2766,44.0
2767,8.0
2768,23.0
2769,9.0
2770,9.0
2771,9.0
2772,24.0
2773,78.0
2774,10.0
2775,10.0
2776,10.0
2777,76.0
2778,99.0
2779,60.0
2780,52.0
2781,9.0
2782,14.0
2783,61.0
2784,66.0
2785,60.0
2786,15.0
2787,8.0
2788,15.0
2789,15.0
2790,9.0
2791,11.0
2792,8.0
2793,8.0
2794,14.0
2795,64.0
2796,10.0
2797,10.0
2798,9.0
2799,12.0
2800,10.0
2801,13.0
2802,59.0
2803,9.0
2804,16.0
2805,9.0
2806,64.0
2807,10.0
2808,11.0
2809,12.0
2810,9.0
2811,11.0
2812,10.0
2813,9.0
2814,9.0
2815,68.0
2816,9.0
2817,18.0
2818,9.0
2819,10.0
2820,10.0
2821,75.0
2822,86.0
2823,10.0
2824,10.0
2825,9.0
2826,98.0
2827,10.0
2828,10.0
2829,10.0
2830,9.0
2831,9.0
2832,10.0
2833,11.0
2834,9.0
2835,10.0
2836,9.0
2837,9.0
2838,10.0
2839,15.0
2840,9.0
2841,10.0
2842,10.0
2843,10.0
2844,11.0
2845,10.0
2846,10.0
2847,10.0
2848,9.0
2849,10.0
2850,8.0
2851,10.0
2852,10.0
2853,8.0
2854,11.0
2855,9.0
2856,15.0
2857,10.0
2858,10.0
2859,10.0
2860,9.0
2861,11.0
2862,8.0
2863,13.0
2864,9.0
2865,10.0
2866,82.0
2867,53.0
2868,10.0
2869,10.0
2870,9.0
2871,10.0
2872,10.0
2873,10.0
2874,8.0
2875,10.0
2876,9.0
2877,10.0
2878,8.0
2879,10.0
2880,9.0
2881,10.0
2882,10.0
2883,10.0
2884,10.0
2885,10.0
2886,10.0
2887,10.0
2888,9.0
2889,10.0
2890,10.0
2891,10.0
2892,10.0
2893,9.0
2894,11.0
2895,10.0
2896,10.0
2897,9.0
2898,10.0
2899,9.0
2900,10.0
2901,11.0
2902,10.0
2903,10.0
2904,10.0
2905,27.0
2906,9.0
2907,10.0
2908,10.0
2909,10.0
2910,10.0
2911,9.0
2912,10.0
2913,11.0
2914,10.0
2915,10.0
2916,10.0
2917,15.0
2918,10.0
2919,10.0
2920,12.0
2921,23.0
2922,10.0
2923,10.0
2924,10.0
2925,14.0
2926,9.0
2927,9.0
2928,10.0
2929,9.0
2930,11.0
2931,10.0
2932,10.0
2933,17.0
2934,10.0
2935,28.0
2936,10.0
2937,9.0
2938,11.0
2939,11.0
2940,10.0
2941,11.0
2942,11.0
2943,10.0
2944,11.0
2945,10.0
2946,11.0
2947,13.0
2948,10.0
2949,11.0
2950,10.0
2951,10.0
2952,10.0
2953,9.0
2954,12.0
2955,10.0
2956,10.0
2957,10.0
2958,10.0
2959,10.0
2960,10.0
2961,10.0
2962,9.0
2963,10.0
2964,10.0
2965,10.0
2966,10.0
2967,10.0
2968,11.0
2969,27.0
2970,10.0
2971,10.0
2972,25.0
2973,10.0
2974,10.0
2975,9.0
2976,10.0
2977,10.0
2978,10.0
2979,13.0
2980,10.0
2981,10.0
2982,11.0
2983,10.0
2984,11.0
2985,23.0
2986,10.0
2987,10.0
2988,10.0
2989,10.0
2990,10.0
2991,10.0
2992,9.0
2993,10.0
2994,9.0
2995,10.0
2996,10.0
2997,10.0
2998,10.0
2999,10.0
3000,10.0
3001,11.0
3002,10.0
3003,10.0
3004,9.0
3005,10.0
3006,10.0
3007,10.0
3008,10.0
3009,9.0
3010,10.0
3011,10.0
3012,10.0
3013,10.0
3014,10.0
3015,10.0
3016,10.0
3017,10.0
3018,10.0
3019,9.0
3020,10.0
3021,9.0
3022,10.0
3023,11.0
3024,26.0
3025,10.0
3026,10.0
3027,10.0
3028,10.0
3029,10.0
3030,10.0
3031,10.0
3032,10.0
3033,13.0
3034,10.0
3035,10.0
3036,10.0
3037,9.0
3038,10.0
3039,10.0
3040,11.0
3041,11.0
3042,10.0
3043,10.0
3044,10.0
3045,10.0
3046,10.0
3047,11.0
3048,10.0
3049,10.0
3050,10.0
3051,10.0
3052,10.0
3053,9.0
3054,10.0
3055,10.0
3056,10.0
3057,12.0
3058,11.0
3059,10.0
3060,9.0
3061,28.0
3062,9.0
3063,10.0
3064,10.0
3065,10.0
3066,25.0
3067,10.0
3068,10.0
3069,11.0
3070,11.0
3071,37.0
3072,10.0
3073,10.0
3074,15.0
3075,10.0
3076,21.0
3077,12.0
3078,23.0
3079,11.0
3080,15.0
3081,10.0
3082,9.0
3083,10.0
3084,10.0
3085,11.0
3086,11.0
3087,10.0
3088,10.0
3089,11.0
3090,10.0
3091,10.0
3092,10.0
3093,10.0
3094,10.0
3095,10.0
3096,11.0
3097,10.0
3098,10.0
3099,10.0
3100,10.0
3101,10.0
3102,10.0
3103,11.0
3104,12.0
3105,12.0
3106,10.0
3107,10.0
3108,10.0
3109,10.0
3110,10.0
3111,10.0
3112,9.0
3113,10.0
3114,11.0
3115,10.0
3116,17.0
3117,10.0
3118,30.0
3119,10.0
3120,22.0
3121,10.0
3122,28.0
3123,18.0
3124,10.0
3125,9.0
3126,10.0
3127,16.0
3128,16.0
3129,11.0
3130,10.0
3131,16.0
3132,10.0
3133,21.0
3134,14.0
3135,28.0
3136,23.0
3137,12.0
3138,10.0
3139,9.0
3140,10.0
3141,9.0
3142,9.0
3143,21.0
3144,11.0
3145,37.0
3146,14.0
3147,9.0
3148,11.0
3149,15.0
3150,16.0
3151,10.0
3152,10.0
3153,10.0
3154,10.0
3155,21.0
3156,10.0
3157,24.0
3158,11.0
3159,10.0
3160,10.0
3161,10.0
3162,10.0
3163,11.0
3164,10.0
3165,10.0
3166,10.0
3167,10.0
3168,10.0
3169,12.0
3170,9.0
3171,10.0
3172,10.0
3173,10.0
3174,10.0
3175,9.0
3176,12.0
3177,24.0
3178,10.0
3179,9.0
3180,10.0
3181,10.0
3182,10.0
3183,10.0
3184,11.0
3185,10.0
3186,10.0
3187,9.0
3188,28.0
3189,10.0
3190,14.0
3191,10.0
3192,10.0
3193,9.0
3194,10.0
3195,10.0
3196,12.0
3197,12.0
3198,24.0
3199,13.0
3200,9.0
3201,10.0
3202,10.0
3203,10.0
3204,10.0
3205,10.0
3206,11.0
3207,10.0
3208,10.0
3209,10.0
3210,10.0
3211,10.0
3212,14.0
3213,10.0
3214,10.0
3215,11.0
3216,11.0
3217,11.0
3218,12.0
3219,12.0
3220,10.0
3221,18.0
3222,10.0
3223,10.0
3224,10.0
3225,10.0
3226,9.0
3227,10.0
3228,13.0
3229,52.0
3230,9.0
3231,10.0
3232,10.0
3233,11.0
3234,10.0
3235,10.0
3236,10.0
3237,13.0
3238,18.0
3239,17.0
3240,9.0
3241,10.0
3242,19.0
3243,10.0
3244,10.0
3245,10.0
3246,10.0
3247,10.0
3248,10.0
3249,11.0
3250,10.0
3251,10.0
3252,9.0
3253,10.0
3254,11.0
3255,9.0
3256,10.0
3257,10.0
3258,11.0
3259,11.0
3260,10.0
3261,10.0
3262,10.0
3263,10.0
3264,9.0
3265,14.0
3266,10.0
3267,9.0
3268,10.0
3269,10.0
3270,10.0
3271,10.0
3272,25.0
3273,27.0
3274,11.0
3275,10.0
3276,10.0
3277,10.0
3278,16.0
3279,10.0
3280,10.0
3281,10.0
3282,11.0
3283,10.0
3284,11.0
3285,16.0
3286,10.0
3287,10.0
3288,10.0
3289,10.0
3290,10.0
3291,10.0
3292,9.0
3293,9.0
3294,10.0
3295,10.0
3296,9.0
3297,10.0
3298,11.0
3299,10.0
3300,10.0
3301,10.0
3302,10.0
3303,10.0
3304,9.0
3305,9.0
3306,11.0
3307,10.0
3308,16.0
3309,9.0
3310,10.0
3311,10.0
3312,11.0
3313,10.0
3314,10.0
3315,11.0
3316,10.0
3317,11.0
3318,9.0
3319,10.0
3320,10.0
3321,10.0
3322,10.0
3323,13.0
3324,26.0
3325,10.0
3326,10.0
3327,10.0
3328,10.0
3329,10.0
3330,12.0
3331,10.0
3332,10.0
3333,10.0
3334,10.0
3335,11.0
3336,12.0
3337,23.0
3338,11.0
3339,9.0
3340,10.0
3341,10.0
3342,10.0
3343,36.0
3344,11.0
3345,10.0
3346,9.0
3347,10.0
3348,8.0
3349,9.0
3350,16.0
3351,9.0
3352,11.0
3353,9.0
3354,10.0
3355,10.0
3356,27.0
3357,12.0
3358,31.0
3359,11.0
3360,11.0
3361,10.0
3362,10.0
3363,10.0
3364,10.0
3365,11.0
3366,11.0
3367,9.0
3368,27.0
3369,10.0
3370,9.0
3371,10.0
3372,10.0
3373,10.0
3374,10.0
3375,11.0
3376,10.0
3377,11.0
3378,10.0
3379,9.0
3380,29.0
3381,17.0
3382,22.0
3383,9.0
3384,9.0
3385,10.0
3386,9.0
3387,26.0
3388,10.0
3389,9.0
3390,10.0
3391,11.0
3392,10.0
3393,11.0
3394,13.0
3395,12.0
3396,10.0
3397,9.0
3398,11.0
3399,12.0
3400,13.0
3401,10.0
3402,9.0
3403,23.0
3404,10.0
3405,24.0
3406,11.0
3407,13.0
3408,10.0
3409,10.0
3410,10.0
3411,10.0
3412,10.0
3413,10.0
3414,12.0
3415,23.0
3416,13.0
3417,26.0
3418,26.0
3419,16.0
3420,28.0
3421,43.0
3422,33.0
3423,13.0
3424,8.0
3425,10.0
3426,9.0
3427,9.0
3428,10.0
3429,14.0
3430,11.0
3431,11.0
3432,10.0
3433,9.0
3434,12.0
3435,10.0
3436,10.0
3437,10.0
3438,10.0
3439,14.0
3440,10.0
3441,10.0
3442,10.0
3443,11.0
3444,10.0
3445,10.0
3446,10.0
3447,10.0
3448,10.0
3449,10.0
3450,10.0
3451,27.0
3452,11.0
3453,14.0
3454,11.0
3455,9.0
3456,10.0
3457,10.0
3458,10.0
3459,10.0
3460,10.0
3461,11.0
3462,10.0
3463,11.0
3464,11.0
3465,23.0
3466,27.0
3467,27.0
3468,23.0
3469,28.0
3470,11.0
3471,11.0
3472,11.0
3473,26.0
3474,10.0
3475,11.0
3476,11.0
3477,10.0
3478,12.0
3479,15.0
3480,10.0
3481,10.0
3482,11.0
3483,12.0
3484,10.0
3485,11.0
3486,15.0
3487,10.0
3488,25.0
3489,17.0
3490,19.0
3491,10.0
3492,12.0
3493,9.0
3494,10.0
3495,12.0
3496,11.0
3497,12.0
3498,10.0
3499,12.0
3500,10.0
3501,19.0
3502,10.0
3503,12.0
3504,10.0
3505,10.0
3506,10.0
3507,11.0
3508,16.0
3509,10.0
3510,10.0
3511,11.0
3512,20.0
3513,11.0
3514,10.0
3515,12.0
3516,16.0
3517,10.0
3518,10.0
3519,12.0
3520,15.0
3521,15.0
3522,18.0
3523,14.0
3524,15.0
3525,19.0
3526,10.0
3527,10.0
3528,10.0
3529,10.0
3530,10.0
3531,15.0
3532,10.0
3533,17.0
3534,10.0
3535,10.0
3536,11.0
3537,28.0
3538,15.0
3539,15.0
3540,17.0
3541,11.0
3542,11.0
3543,11.0
3544,13.0
3545,10.0
3546,10.0
3547,10.0
3548,21.0
3549,11.0
3550,10.0
3551,32.0
3552,18.0
3553,10.0
3554,10.0
3555,12.0
3556,12.0
3557,14.0
3558,40.0
3559,16.0
3560,10.0
3561,22.0
3562,14.0
3563,10.0
3564,17.0
3565,9.0
3566,9.0
3567,16.0
3568,10.0
3569,11.0
3570,10.0
3571,10.0
3572,18.0
3573,17.0
3574,10.0
3575,16.0
3576,9.0
3577,9.0
3578,13.0
3579,36.0
3580,10.0
3581,10.0
3582,11.0
3583,15.0
3584,63.0
3585,37.0
3586,10.0
3587,10.0
3588,9.0
3589,40.0
3590,15.0
3591,14.0
3592,16.0
3593,10.0
3594,16.0
3595,15.0
3596,12.0
3597,36.0
3598,10.0
3599,47.0
3600,9.0
3601,10.0
3602,18.0
3603,11.0
3604,10.0
3605,10.0
3606,10.0
3607,11.0
3608,16.0
3609,16.0
3610,19.0
3611,10.0
3612,30.0
3613,9.0
3614,9.0
3615,9.0
3616,22.0
3617,11.0
3618,19.0
3619,16.0
3620,10.0
3621,16.0
3622,36.0
3623,20.0
3624,10.0
3625,38.0
3626,9.0
3627,14.0
3628,15.0
3629,18.0
3630,39.0
3631,9.0
3632,9.0
3633,17.0
3634,38.0
3635,10.0
3636,15.0
3637,12.0
3638,12.0
3639,8.0
3640,12.0
3641,10.0
3642,8.0
3643,12.0
3644,10.0
3645,15.0
3646,20.0
3647,59.0
3648,8.0
3649,8.0
3650,19.0
3651,10.0
3652,8.0
3653,8.0
3654,63.0
3655,17.0
3656,9.0
3657,9.0
3658,9.0
3659,20.0
3660,9.0
3661,17.0
3662,9.0
3663,8.0
3664,9.0
3665,9.0
3666,8.0
3667,9.0
3668,8.0
3669,8.0
3670,8.0
3671,10.0
3672,10.0
3673,9.0
3674,9.0
3675,9.0
3676,8.0
3677,8.0
3678,17.0
3679,12.0
3680,10.0
3681,11.0
3682,8.0
3683,8.0
3684,9.0
3685,9.0
3686,8.0
3687,9.0
3688,8.0
3689,9.0
3690,8.0
3691,9.0
3692,13.0
3693,8.0
3694,8.0
3695,10.0
3696,8.0
3697,10.0
3698,10.0
3699,10.0
3700,8.0
3701,9.0
3702,9.0
3703,9.0
3704,10.0
3705,13.0
3706,8.0
3707,9.0
3708,9.0
3709,9.0
3710,8.0
3711,9.0
3712,10.0
3713,10.0
3714,10.0
3715,8.0
3716,10.0
3717,9.0
3718,11.0
3719,9.0
3720,9.0
3721,10.0
3722,8.0
3723,8.0
3724,8.0
3725,9.0
3726,11.0
3727,11.0
3728,10.0
3729,9.0
3730,8.0
3731,9.0
3732,10.0
3733,10.0
3734,10.0
3735,8.0
3736,8.0
3737,9.0
3738,10.0
3739,10.0
3740,10.0
3741,10.0
3742,10.0
3743,8.0
3744,8.0
3745,8.0
3746,9.0
3747,11.0
3748,9.0
3749,9.0
3750,9.0
3751,10.0
3752,8.0
3753,8.0
3754,9.0
3755,10.0
3756,9.0
3757,10.0
3758,10.0
3759,9.0
3760,9.0
3761,10.0
3762,8.0
3763,8.0
3764,9.0
3765,9.0
3766,10.0
3767,9.0
3768,9.0
3769,11.0
3770,9.0
3771,8.0
3772,10.0
3773,9.0
3774,9.0
3775,10.0
3776,9.0
3777,9.0
3778,9.0
3779,10.0
3780,9.0
3781,9.0
3782,10.0
3783,14.0
3784,9.0
3785,10.0
3786,10.0
3787,11.0
3788,10.0
3789,9.0
3790,8.0
3791,10.0
3792,9.0
3793,10.0
3794,10.0
3795,10.0
3796,10.0
3797,10.0
3798,10.0
3799,10.0
3800,10.0
3801,10.0
3802,11.0
3803,10.0
3804,10.0
3805,10.0
3806,10.0
3807,9.0
3808,8.0
3809,23.0
3810,11.0
3811,9.0
3812,10.0
3813,10.0
3814,9.0
3815,10.0
3816,10.0
3817,11.0
3818,10.0
3819,10.0
3820,10.0
3821,10.0
3822,22.0
3823,10.0
3824,9.0
3825,10.0
3826,9.0
3827,9.0
3828,10.0
3829,10.0
3830,10.0
3831,10.0
3832,10.0
3833,9.0
3834,9.0
3835,10.0
3836,10.0
3837,9.0
3838,9.0
3839,9.0
3840,10.0
3841,10.0
3842,9.0
3843,10.0
3844,11.0
3845,10.0
3846,10.0
3847,9.0
3848,8.0
3849,10.0
3850,10.0
3851,8.0
3852,10.0
3853,10.0
3854,10.0
3855,10.0
3856,10.0
3857,10.0
3858,19.0
3859,71.0
3860,9.0
3861,10.0
3862,9.0
3863,9.0
3864,9.0
3865,10.0
3866,10.0
3867,10.0
3868,9.0
3869,10.0
3870,10.0
3871,10.0
3872,10.0
3873,10.0
3874,11.0
3875,10.0
3876,9.0
3877,10.0
3878,10.0
3879,10.0
3880,10.0
3881,10.0
3882,9.0
3883,10.0
3884,16.0
3885,55.0
3886,10.0
3887,10.0
3888,73.0
3889,10.0
3890,10.0
3891,19.0
3892,13.0
3893,11.0
3894,10.0
3895,9.0
3896,71.0
3897,10.0
3898,10.0
3899,10.0
3900,10.0
3901,10.0
3902,10.0
3903,9.0
3904,11.0
3905,59.0
3906,61.0
3907,61.0
3908,10.0
3909,10.0
3910,9.0
3911,10.0
3912,11.0
3913,10.0
3914,9.0
3915,15.0
3916,9.0
3917,11.0
3918,74.0
3919,57.0
3920,10.0
3921,16.0
3922,75.0
3923,69.0
3924,11.0
3925,12.0
3926,9.0
3927,10.0
3928,9.0
3929,12.0
3930,65.0
3931,9.0
3932,38.0
3933,9.0
3934,57.0
3935,9.0
3936,71.0
3937,86.0
3938,9.0
3939,10.0
3940,10.0
3941,10.0
3942,9.0
3943,62.0
3944,61.0
3945,10.0
3946,9.0
3947,10.0
3948,63.0
3949,9.0
3950,10.0
3951,62.0
3952,10.0
3953,10.0
3954,10.0
3955,10.0
3956,9.0
3957,9.0
3958,10.0
3959,9.0
3960,10.0
3961,9.0
3962,23.0
3963,15.0
3964,10.0
3965,26.0
3966,9.0
3967,11.0
3968,9.0
3969,30.0
3970,13.0
3971,11.0
3972,10.0
3973,9.0
3974,36.0
3975,9.0
3976,10.0
3977,64.0
3978,10.0
3979,9.0
3980,24.0
3981,10.0
3982,10.0
3983,10.0
3984,11.0
3985,10.0
3986,10.0
3987,20.0
3988,52.0
3989,32.0
3990,9.0
3991,9.0
3992,13.0
3993,9.0
3994,10.0
3995,9.0
3996,9.0
3997,10.0
3998,9.0
3999,9.0
4000,9.0
4001,64.0
4002,69.0
4003,26.0
4004,12.0
4005,9.0
4006,71.0
4007,10.0
4008,20.0
4009,9.0
4010,9.0
4011,9.0
4012,10.0
4013,21.0
4014,10.0
4015,29.0
4016,10.0
4017,10.0
4018,10.0
4019,9.0
4020,9.0
4021,9.0
4022,28.0
4023,9.0
4024,10.0
4025,9.0
4026,9.0
4027,10.0
4028,15.0
4029,10.0
4030,9.0
4031,10.0
4032,66.0
4033,10.0
4034,69.0
4035,8.0
4036,9.0
4037,22.0
4038,10.0
4039,10.0
4040,48.0
4041,40.0
4042,42.0
4043,10.0
4044,42.0
4045,9.0
4046,9.0
4047,10.0
4048,10.0
4049,10.0
4050,58.0
4051,10.0
4052,9.0
4053,10.0
4054,20.0
4055,10.0
4056,72.0
4057,9.0
4058,40.0
4059,18.0
4060,51.0
4061,10.0
4062,77.0
4063,10.0
4064,33.0
4065,9.0
4066,10.0
4067,10.0
4068,16.0
4069,16.0
4070,35.0
4071,11.0
4072,89.0
4073,11.0
4074,11.0
4075,62.0
4076,37.0
4077,28.0
4078,11.0
4079,10.0
4080,11.0
4081,11.0
4082,10.0
4083,10.0
4084,10.0
4085,9.0
4086,32.0
4087,8.0
4088,11.0
4089,61.0
4090,10.0
4091,9.0
4092,8.0
4093,30.0
4094,22.0
4095,11.0
4096,21.0
4097,14.0
4098,57.0
4099,45.0
4100,47.0
4101,9.0
4102,13.0
4103,73.0
4104,12.0
4105,11.0
4106,11.0
4107,49.0
4108,30.0
4109,13.0
4110,9.0
4111,11.0
4112,66.0
4113,71.0
4114,48.0
4115,9.0
4116,9.0
4117,8.0
4118,48.0
4119,38.0
4120,9.0
4121,32.0
4122,64.0
4123,9.0
4124,58.0
4125,11.0
4126,18.0
4127,24.0
4128,59.0
4129,12.0
4130,30.0
4131,34.0
4132,52.0
4133,62.0
4134,39.0
4135,16.0
4136,46.0
4137,28.0
4138,9.0
4139,44.0
4140,57.0
4141,36.0
4142,36.0
4143,13.0
4144,56.0
4145,58.0
4146,14.0
4147,16.0
4148,9.0
4149,50.0
4150,20.0
4151,22.0
4152,12.0
4153,72.0
4154,40.0
4155,26.0
4156,64.0
4157,44.0
4158,14.0
4159,12.0
4160,34.0
4161,62.0
4162,10.0
4163,9.0
4164,8.0
4165,37.0
4166,38.0
4167,36.0
4168,10.0
4169,10.0
4170,67.0
4171,54.0
4172,42.0
4173,44.0
4174,28.0
4175,18.0
4176,45.0
4177,36.0
4178,41.0
4179,16.0
4180,9.0
4181,38.0
4182,8.0
4183,10.0
4184,10.0
4185,26.0
4186,9.0
4187,48.0
4188,34.0
4189,34.0
4190,14.0
4191,56.0
4192,20.0
4193,40.0
4194,59.0
4195,25.0
4196,62.0
4197,41.0
4198,45.0
4199,20.0
4200,28.0
4201,62.0
4202,10.0
4203,60.0
4204,9.0
4205,32.0
4206,12.0
4207,18.0
4208,11.0
4209,10.0
4210,9.0
4211,10.0
4212,10.0
4213,10.0
4214,9.0
4215,24.0
4216,9.0
4217,9.0
4218,10.0
4219,8.0
4220,9.0
4221,34.0
4222,9.0
4223,9.0
4224,10.0
4225,36.0
4226,20.0
4227,8.0
4228,10.0
4229,10.0
4230,8.0
4231,8.0
4232,8.0
4233,9.0
4234,9.0
4235,9.0
4236,9.0
4237,9.0
4238,11.0
4239,10.0
4240,9.0
4241,9.0
4242,10.0
4243,9.0
4244,10.0
4245,10.0
4246,22.0
4247,24.0
4248,10.0
4249,9.0
4250,9.0
4251,34.0
4252,14.0
4253,22.0
4254,10.0
4255,9.0
4256,10.0
4257,10.0
4258,8.0
4259,8.0
4260,10.0
4261,9.0
4262,9.0
4263,9.0
4264,9.0
4265,9.0
4266,10.0
4267,10.0
4268,9.0
4269,10.0
4270,9.0
4271,9.0
4272,8.0
4273,9.0
4274,9.0
4275,12.0
4276,10.0
4277,14.0
4278,10.0
4279,10.0
4280,8.0
4281,8.0
4282,9.0
4283,8.0
4284,8.0
4285,9.0
4286,22.0
4287,30.0
4288,14.0
4289,9.0
4290,9.0
4291,11.0
4292,10.0
4293,9.0
4294,9.0
4295,32.0
4296,12.0
4297,10.0
4298,9.0
4299,10.0
4300,9.0
4301,10.0
4302,10.0
4303,9.0
4304,9.0
4305,11.0
4306,8.0
4307,9.0
4308,30.0
4309,9.0
4310,9.0
4311,8.0
4312,10.0
4313,9.0
4314,9.0
4315,9.0
4316,14.0
4317,10.0
4318,38.0
4319,12.0
4320,8.0
4321,10.0
4322,38.0
4323,9.0
4324,8.0
4325,9.0
4326,10.0
4327,10.0
4328,8.0
4329,10.0
4330,9.0
4331,8.0
4332,10.0
4333,10.0
4334,10.0
4335,9.0
4336,9.0
4337,10.0
4338,9.0
4339,10.0
4340,9.0
4341,10.0
4342,10.0
4343,9.0
4344,10.0
4345,8.0
4346,9.0
4347,29.0
4348,10.0
4349,10.0
4350,9.0
4351,8.0
4352,10.0
4353,9.0
4354,9.0
4355,10.0
4356,9.0
4357,14.0
4358,28.0
4359,10.0
4360,10.0
4361,9.0
4362,10.0
4363,19.0
4364,9.0
4365,9.0
4366,10.0
4367,12.0
4368,10.0
4369,8.0
4370,9.0
4371,8.0
4372,10.0
4373,10.0
4374,10.0
4375,9.0
4376,11.0
4377,9.0
4378,9.0
4379,14.0
4380,10.0
4381,20.0
4382,18.0
4383,10.0
4384,10.0
4385,10.0
4386,9.0
4387,10.0
4388,10.0
4389,10.0
4390,9.0
4391,9.0
4392,9.0
4393,9.0
4394,9.0
4395,10.0
4396,9.0
4397,9.0
4398,10.0
4399,9.0
4400,10.0
4401,8.0
4402,9.0
4403,10.0
4404,14.0
4405,12.0
4406,10.0
4407,9.0
4408,12.0
4409,9.0
4410,8.0
4411,9.0
4412,9.0
4413,29.0
4414,10.0
4415,28.0
4416,10.0
4417,8.0
4418,10.0
4419,9.0
4420,9.0
4421,9.0
4422,9.0
4423,38.0
4424,9.0
4425,10.0
4426,9.0
4427,9.0
4428,9.0
4429,9.0
4430,10.0
4431,10.0
4432,10.0
4433,10.0
4434,9.0
4435,14.0
4436,10.0
4437,18.0
4438,11.0
4439,10.0
4440,9.0
4441,9.0
4442,8.0
4443,9.0
4444,10.0
4445,10.0
4446,9.0
4447,10.0
4448,10.0
4449,12.0
4450,10.0
4451,10.0
4452,10.0
4453,8.0
4454,9.0
4455,11.0
4456,9.0
4457,14.0
4458,10.0
4459,9.0
4460,11.0
4461,10.0
4462,10.0
4463,10.0
4464,10.0
4465,24.0
4466,30.0
4467,9.0
4468,9.0
4469,9.0
4470,11.0
4471,10.0
4472,9.0
4473,20.0
4474,9.0
4475,14.0
4476,10.0
4477,9.0
4478,10.0
4479,10.0
4480,9.0
4481,18.0
4482,10.0
4483,9.0
4484,10.0
4485,10.0
4486,9.0
4487,10.0
4488,33.0
4489,22.0
4490,10.0
4491,11.0
4492,9.0
4493,40.0
4494,10.0
4495,10.0
4496,10.0
4497,10.0
4498,10.0
4499,9.0
4500,20.0
4501,18.0
4502,10.0
4503,13.0
4504,9.0
4505,10.0
4506,10.0
4507,9.0
4508,10.0
4509,10.0
4510,12.0
4511,9.0
4512,9.0
4513,9.0
4514,10.0
4515,10.0
4516,10.0
4517,10.0
4518,10.0
4519,10.0
4520,9.0
4521,10.0
4522,8.0
4523,9.0
4524,9.0
4525,10.0
4526,10.0
4527,9.0
4528,9.0
4529,14.0
4530,12.0
4531,16.0
4532,11.0
4533,20.0
4534,10.0
4535,10.0
4536,10.0
4537,10.0
4538,10.0
4539,10.0
4540,9.0
4541,10.0
4542,9.0
4543,10.0
4544,10.0
4545,10.0
4546,11.0
4547,21.0
4548,9.0
4549,23.0
4550,10.0
4551,10.0
4552,9.0
4553,13.0
4554,9.0
4555,12.0
4556,17.0
4557,9.0
4558,10.0
4559,9.0
4560,10.0
4561,16.0
4562,10.0
4563,9.0
4564,10.0
4565,31.0
4566,10.0
4567,10.0
4568,9.0
4569,10.0
4570,37.0
4571,27.0
4572,10.0
4573,10.0
4574,10.0
4575,9.0
4576,9.0
4577,9.0
4578,9.0
4579,9.0
4580,10.0
4581,10.0
4582,10.0
4583,18.0
4584,11.0
4585,9.0
4586,26.0
4587,10.0
4588,10.0
4589,10.0
4590,14.0
4591,9.0
4592,9.0
4593,9.0
4594,9.0
4595,10.0
4596,9.0
4597,10.0
4598,10.0
4599,10.0
4600,10.0
4601,9.0
4602,9.0
4603,10.0
4604,10.0
4605,10.0
4606,10.0
4607,12.0
4608,11.0
4609,27.0
4610,34.0
4611,31.0
4612,10.0
4613,9.0
4614,20.0
4615,11.0
4616,10.0
4617,18.0
4618,10.0
4619,9.0
4620,12.0
4621,10.0
4622,10.0
4623,10.0
4624,10.0
4625,9.0
4626,9.0
4627,10.0
4628,9.0
4629,27.0
4630,10.0
4631,10.0
4632,10.0
4633,9.0
4634,9.0
4635,10.0
4636,9.0
4637,10.0
4638,10.0
4639,10.0
4640,9.0
4641,10.0
4642,10.0
4643,8.0
4644,8.0
4645,16.0
4646,10.0
4647,10.0
4648,32.0
4649,9.0
4650,21.0
4651,9.0
4652,10.0
4653,9.0
4654,11.0
4655,9.0
4656,9.0
4657,9.0
4658,9.0
4659,9.0
4660,9.0
4661,32.0
4662,10.0
4663,11.0
4664,30.0
4665,9.0
4666,8.0
4667,18.0
4668,10.0
4669,8.0
4670,10.0
4671,10.0
4672,12.0
4673,9.0
4674,22.0
4675,10.0
4676,8.0
4677,9.0
4678,9.0
4679,11.0
4680,10.0
4681,10.0
4682,10.0
4683,10.0
4684,10.0
4685,53.0
4686,72.0
4687,9.0
4688,9.0
4689,10.0
4690,10.0
4691,10.0
4692,9.0
4693,10.0
4694,9.0
4695,10.0
4696,11.0
4697,10.0
4698,9.0
4699,10.0
4700,10.0
4701,9.0
4702,10.0
4703,8.0
4704,8.0
4705,9.0
4706,10.0
4707,9.0
4708,9.0
4709,10.0
4710,24.0
4711,28.0
4712,9.0
4713,10.0
4714,10.0
4715,10.0
4716,10.0
4717,14.0
4718,10.0
4719,10.0
4720,10.0
4721,10.0
4722,9.0
4723,14.0
4724,38.0
4725,42.0
4726,9.0
4727,10.0
4728,10.0
4729,10.0
4730,9.0
4731,46.0
4732,55.0
4733,9.0
4734,10.0
4735,14.0
4736,54.0
4737,54.0
4738,9.0
4739,9.0
4740,10.0
4741,9.0
4742,10.0
4743,10.0
4744,12.0
4745,12.0
4746,10.0
4747,45.0
4748,10.0
4749,9.0
4750,29.0
4751,49.0
4752,10.0
4753,9.0
4754,39.0
4755,12.0
4756,11.0
4757,28.0
4758,23.0
4759,56.0
4760,32.0
4761,24.0
4762,10.0
4763,10.0
4764,31.0
4765,10.0
4766,10.0
4767,33.0
4768,16.0
4769,17.0
4770,39.0
4771,19.0
4772,16.0
4773,24.0
4774,10.0
4775,29.0
4776,25.0
4777,10.0
4778,43.0
4779,10.0
4780,10.0
4781,22.0
4782,10.0
4783,15.0
4784,25.0
4785,39.0
4786,26.0
4787,8.0
4788,30.0
4789,18.0
4790,12.0
4791,27.0
4792,11.0
4793,19.0
4794,17.0
4795,8.0
4796,9.0
4797,33.0
4798,30.0
4799,18.0
4800,10.0
4801,9.0
4802,33.0
4803,28.0
4804,12.0
4805,28.0
4806,33.0
4807,10.0
4808,10.0
4809,33.0
4810,20.0
4811,10.0
4812,33.0
4813,22.0
4814,19.0
4815,18.0
4816,8.0
4817,26.0
4818,10.0
4819,53.0
4820,41.0
4821,29.0
4822,9.0
4823,10.0
4824,18.0
4825,9.0
4826,31.0
4827,9.0
4828,25.0
4829,33.0
4830,12.0
4831,9.0
4832,27.0
4833,10.0
4834,25.0
4835,19.0
4836,25.0
4837,20.0
4838,29.0
4839,9.0
4840,8.0
4841,20.0
4842,10.0
4843,9.0
4844,17.0
4845,10.0
4846,9.0
4847,47.0
4848,31.0
4849,22.0
4850,51.0
4851,9.0
4852,23.0
4853,27.0
4854,36.0
4855,9.0
4856,39.0
4857,10.0
4858,8.0
4859,55.0
4860,26.0
4861,10.0
4862,25.0
4863,21.0
4864,27.0
4865,11.0
4866,29.0
4867,11.0
4868,13.0
4869,23.0
4870,45.0
4871,20.0
4872,24.0
4873,9.0
4874,39.0
4875,27.0
4876,10.0
4877,10.0
4878,16.0
4879,8.0
4880,10.0
4881,27.0
4882,14.0
4883,24.0
4884,20.0
4885,25.0
4886,10.0
4887,12.0
4888,9.0
4889,24.0
4890,20.0
4891,23.0
4892,25.0
4893,37.0
4894,18.0
4895,27.0
4896,20.0
4897,36.0
4898,12.0
4899,25.0
4900,17.0
4901,17.0
4902,19.0
4903,16.0
4904,16.0
4905,9.0
4906,10.0
4907,26.0
4908,24.0
4909,28.0
4910,9.0
4911,9.0
4912,9.0
4913,27.0
4914,14.0
4915,10.0
4916,18.0
4917,27.0
4918,19.0
4919,9.0
4920,32.0
4921,30.0
4922,18.0
4923,14.0
4924,30.0
4925,36.0
4926,18.0
4927,21.0
4928,35.0
4929,8.0
4930,19.0
4931,21.0
4932,24.0
4933,10.0
4934,10.0
4935,27.0
4936,14.0
4937,31.0
4938,11.0
4939,10.0
4940,11.0
4941,8.0
4942,25.0
4943,9.0
4944,10.0
4945,27.0
4946,37.0
4947,26.0
4948,10.0
4949,9.0
4950,19.0
4951,19.0
4952,12.0
4953,22.0
4954,9.0
4955,10.0
4956,9.0
4957,9.0
4958,8.0
4959,15.0
4960,16.0
4961,8.0
4962,8.0
4963,9.0
4964,10.0
4965,17.0
4966,30.0
4967,17.0
4968,9.0
4969,8.0
4970,10.0
4971,10.0
4972,14.0
4973,9.0
4974,10.0
4975,9.0
4976,9.0
4977,18.0
4978,9.0
4979,9.0
4980,9.0
4981,10.0
4982,13.0
4983,9.0
4984,12.0
4985,10.0
4986,9.0
4987,10.0
4988,12.0
4989,9.0
4990,10.0
4991,11.0
4992,10.0
4993,21.0
4994,8.0
4995,9.0
4996,10.0
4997,9.0
4998,9.0
4999,9.0
